msh />start_adc_conv
msh />
adc_group[0]:
----    ----    ----    ----    ----    ----    ----    ----
1525.00 1841.00 2168.00 2457.00 2770.00 3106.00 3373.00 3433.00
3516.00 3646.00 3671.00 3677.00 3628.00 3510.00 3279.00 2981.00
2648.00 2316.00 1978.00 1699.00 1367.00 1040.00 780.00  570.00
374.00  418.00  427.00  433.00  526.00  648.00  870.00  1163.00
1506.00 1814.00 2146.00 2461.00 2772.00 3101.00 3362.00 3440.00
3533.00 3660.00 3672.00 3673.00 3640.00 3506.00 3265.00 2970.00
2630.00 2292.00 1949.00 1668.00 1341.00 1017.00 754.00  532.00
382.00  400.00  422.00  424.00  502.00  673.00  891.00  1181.00
1525.00 1849.00 2180.00 2454.00 2789.00 3121.00 3383.00 3429.00
3538.00 3648.00 3676.00 3685.00 3636.00 3507.00 3273.00 2974.00
2636.00 2315.00 1969.00 1689.00 1368.00 1040.00 752.00  556.00
384.00  416.00  423.00  432.00  521.00  640.00  865.00  1162.00
1498.00 1825.00 2157.00 2446.00 2759.00 3091.00 3346.00 3404.00
3519.00 3627.00 3648.00 3662.00 3642.00 3500.00 3259.00 2969.00
2633.00 2302.00 1965.00 1688.00 1357.00 1044.00 773.00  560.00
375.00  422.00  432.00  439.00  519.00  657.00  889.00  1174.00
1515.00 1843.00 2169.00 2453.00 2778.00 3098.00 3365.00 3434.00
3527.00 3642.00 3684.00 3681.00 3642.00 3481.00 3237.00 2942.00
2628.00 2298.00 1962.00 1674.00 1351.00 1017.00 751.00  522.00
375.00  398.00  410.00  426.00  516.00  666.00  890.00  1175.00
1537.00 1847.00 2184.00 2466.00 2786.00 3116.00 3376.00 3428.00
3545.00 3652.00 3666.00 3681.00 3646.00 3502.00 3257.00 2962.00
2644.00 2317.00 1969.00 1688.00 1358.00 1031.00 762.00  545.00
365.00  419.00  428.00  427.00  493.00  653.00  880.00  1184.00
1517.00 1835.00 2175.00 2454.00 2773.00 3089.00 3354.00 3415.00
3527.00 3642.00 3652.00 3658.00 3605.00 3484.00 3260.00 2967.00
2627.00 2315.00 1981.00 1696.00 1369.00 1045.00 782.00  548.00
364.00  413.00  440.00  431.00  523.00  664.00  899.00  1186.00
1525.00 1845.00 2188.00 2463.00 2788.00 3125.00 3386.00 3433.00
3536.00 3653.00 3678.00 3678.00 3629.00 3500.00 3249.00 2953.00
2605.00 2284.00 1946.00 1669.00 1338.00 1008.00 733.00  541.00
378.00  420.00  420.00  425.00  544.00  649.00  901.00  1195.00

site    i0      v0      v1
----    ----    ----    ----
0       2379.38 2096.75 2084.50

'data.csv' real size: 11465Byte, count size: 1801Byte.
@note: lseek success, cur offset: 137 .
[D/test] @note:str size: 62,timestamps: 1670729517,[178]write done.

msh />start_adc_conv
msh />
adc_group[0]:
----    ----    ----    ----    ----    ----    ----    ----
842.00  1104.00 1365.00 1641.00 1926.00 2201.00 2454.00 2747.00
3016.00 3236.00 3349.00 3392.00 3464.00 3470.00 3487.00 3383.00
3275.00 3054.00 2758.00 2485.00 2210.00 1947.00 1679.00 1385.00
1113.00 891.00  748.00  562.00  622.00  619.00  629.00  775.00
858.00  1095.00 1361.00 1646.00 1929.00 2204.00 2463.00 2746.00
3013.00 3238.00 3346.00 3395.00 3458.00 3479.00 3480.00 3373.00
3277.00 3049.00 2778.00 2492.00 2220.00 1945.00 1688.00 1388.00
1107.00 891.00  750.00  578.00  616.00  632.00  624.00  764.00
859.00  1092.00 1371.00 1643.00 1931.00 2204.00 2460.00 2752.00
3033.00 3243.00 3339.00 3394.00 3465.00 3482.00 3489.00 3351.00
3281.00 3055.00 2777.00 2492.00 2213.00 1926.00 1678.00 1381.00
1111.00 889.00  754.00  578.00  605.00  620.00  630.00  782.00
867.00  1098.00 1354.00 1644.00 1929.00 2208.00 2462.00 2754.00
3021.00 3238.00 3345.00 3388.00 3460.00 3473.00 3480.00 3360.00
3278.00 3038.00 2773.00 2490.00 2206.00 1931.00 1680.00 1376.00
1107.00 891.00  754.00  564.00  594.00  613.00  628.00  776.00
850.00  1096.00 1358.00 1637.00 1940.00 2204.00 2468.00 2751.00
3018.00 3237.00 3345.00 3390.00 3475.00 3484.00 3492.00 3366.00
3267.00 3036.00 2783.00 2490.00 2209.00 1940.00 1683.00 1379.00
1101.00 886.00  749.00  573.00  600.00  612.00  624.00  780.00
850.00  1095.00 1360.00 1638.00 1932.00 2211.00 2458.00 2745.00
3019.00 3240.00 3339.00 3395.00 3464.00 3476.00 3476.00 3369.00
3277.00 3040.00 2778.00 2493.00 2209.00 1939.00 1672.00 1380.00
1099.00 889.00  741.00  561.00  599.00  622.00  610.00  773.00
854.00  1079.00 1366.00 1646.00 1937.00 2198.00 2463.00 2742.00
3020.00 3236.00 3350.00 3403.00 3475.00 3476.00 3472.00 3372.00
3278.00 3050.00 2772.00 2498.00 2209.00 1933.00 1670.00 1374.00
1103.00 885.00  742.00  559.00  614.00  626.00  625.00  773.00
861.00  1092.00 1361.00 1646.00 1932.00 2201.00 2455.00 2747.00
3020.00 3234.00 3342.00 3388.00 3463.00 3475.00 3487.00 3368.00
3274.00 3038.00 2781.00 2490.00 2212.00 1935.00 1682.00 1383.00
1112.00 884.00  761.00  576.00  610.00  621.00  627.00  788.00


site    i0      v0      v1
----    ----    ----    ----
0       2310.11 2101.21 2090.74

'data.csv' real size: 11529Byte, count size: 201Byte.
@note: lseek success, cur offset: 137 .
[D/test] @note:str size: 62,timestamps: 1670730359,[179]write done.

msh />start_adc_conv
msh />
adc_group[0]:
----    ----    ----    ----    ----    ----    ----    ----
2171.00 1930.00 1681.00 1407.00 1163.00 969.00  826.00  691.00
732.00  740.00  741.00  877.00  991.00  1204.00 1474.00 1713.00
1974.00 2219.00 2452.00 2711.00 2948.00 3141.00 3218.00 3282.00
3352.00 3359.00 3368.00 3250.00 3157.00 2926.00 2680.00 2425.00
2150.00 1916.00 1677.00 1411.00 1152.00 973.00  804.00  681.00
721.00  754.00  748.00  895.00  980.00  1201.00 1461.00 1721.00
1976.00 2219.00 2447.00 2716.00 2956.00 3146.00 3222.00 3297.00
3346.00 3360.00 3357.00 3252.00 3160.00 2929.00 2678.00 2422.00
2165.00 1933.00 1679.00 1412.00 1165.00 980.00  822.00  696.00
729.00  749.00  741.00  892.00  986.00  1196.00 1461.00 1718.00
1973.00 2213.00 2451.00 2708.00 2957.00 3148.00 3221.00 3296.00
3350.00 3357.00 3358.00 3249.00 3166.00 2919.00 2681.00 2425.00
2167.00 1920.00 1689.00 1406.00 1170.00 984.00  840.00  697.00
729.00  750.00  742.00  898.00  993.00  1209.00 1452.00 1701.00
1968.00 2215.00 2458.00 2714.00 2982.00 3166.00 3236.00 3292.00
3350.00 3355.00 3362.00 3233.00 3145.00 2932.00 2684.00 2428.00
2166.00 1929.00 1689.00 1417.00 1172.00 977.00  838.00  697.00
738.00  734.00  755.00  881.00  990.00  1197.00 1452.00 1715.00
1960.00 2206.00 2458.00 2718.00 2966.00 3144.00 3226.00 3298.00
3359.00 3362.00 3367.00 3249.00 3162.00 2942.00 2691.00 2430.00
2174.00 1930.00 1680.00 1428.00 1159.00 989.00  834.00  700.00
732.00  744.00  755.00  875.00  982.00  1205.00 1458.00 1709.00
1960.00 2202.00 2450.00 2720.00 2961.00 3148.00 3219.00 3294.00
3339.00 3365.00 3368.00 3252.00 3161.00 2927.00 2685.00 2434.00
2180.00 1923.00 1689.00 1422.00 1176.00 986.00  830.00  700.00
733.00  744.00  740.00  879.00  976.00  1201.00 1458.00 1704.00
1957.00 2200.00 2440.00 2706.00 2955.00 3139.00 3215.00 3295.00
3370.00 3360.00 3369.00 3256.00 3152.00 2927.00 2702.00 2430.00
2181.00 1936.00 1694.00 1435.00 1179.00 987.00  836.00  686.00
733.00  735.00  742.00  916.00  983.00  1210.00 1452.00 1705.00
1952.00 2195.00 2439.00 2702.00 2947.00 3138.00 3202.00 3288.00
3352.00 3370.00 3368.00 3257.00 3152.00 2933.00 2691.00 2433.00

site    i0      v0      v1
----    ----    ----    ----
0       2286.72 2102.35 2090.52

'data.csv' real size: 11593Byte, count size: 201Byte.
@note: lseek success, cur offset: 137 .
[D/test] @note:str size: 62,timestamps: 1670730392,[180]write done.

msh />start_adc_conv
msh />
adc_group[0]:
----    ----    ----    ----    ----    ----    ----    ----
1146.00 1354.00 1613.00 1841.00 2071.00 2244.00 2469.00 2711.00
2918.00 3045.00 3094.00 3182.00 3226.00 3230.00 3237.00 3127.00
2981.00 2778.00 2530.00 2305.00 2068.00 1892.00 1662.00 1412.00
1197.00 1075.00 869.00  839.00  865.00  872.00  888.00  1014.00
1150.00 1346.00 1613.00 1835.00 2068.00 2245.00 2470.00 2710.00
2916.00 3045.00 3092.00 3192.00 3239.00 3237.00 3232.00 3132.00
2988.00 2786.00 2519.00 2307.00 2079.00 1896.00 1652.00 1413.00
1201.00 1066.00 866.00  829.00  864.00  878.00  886.00  1013.00
1149.00 1354.00 1601.00 1828.00 2068.00 2247.00 2480.00 2709.00
2930.00 3054.00 3094.00 3193.00 3236.00 3236.00 3235.00 3124.00
2987.00 2787.00 2526.00 2312.00 2075.00 1895.00 1670.00 1420.00
1207.00 1074.00 879.00  826.00  860.00  869.00  882.00  1017.00
1156.00 1359.00 1603.00 1822.00 2065.00 2236.00 2473.00 2717.00
2921.00 3049.00 3094.00 3196.00 3226.00 3238.00 3242.00 3126.00
2995.00 2788.00 2530.00 2318.00 2083.00 1885.00 1668.00 1424.00
1205.00 1072.00 874.00  837.00  855.00  873.00  887.00  1022.00
1163.00 1354.00 1603.00 1820.00 2064.00 2232.00 2465.00 2707.00
2922.00 3048.00 3104.00 3191.00 3226.00 3250.00 3239.00 3121.00
2986.00 2793.00 2526.00 2318.00 2081.00 1893.00 1665.00 1421.00
1209.00 1074.00 884.00  836.00  865.00  877.00  887.00  1014.00
1157.00 1357.00 1602.00 1818.00 2056.00 2229.00 2459.00 2705.00
2910.00 3042.00 3090.00 3192.00 3233.00 3236.00 3242.00 3122.00
2993.00 2790.00 2533.00 2316.00 2082.00 1895.00 1682.00 1421.00
1215.00 1075.00 881.00  834.00  863.00  870.00  888.00  1013.00
1160.00 1362.00 1602.00 1812.00 2055.00 2232.00 2465.00 2713.00
2913.00 3046.00 3092.00 3206.00 3230.00 3238.00 3241.00 3118.00
2989.00 2793.00 2534.00 2310.00 2081.00 1903.00 1667.00 1424.00
1210.00 1075.00 891.00  839.00  864.00  877.00  891.00  1013.00
1153.00 1359.00 1595.00 1815.00 2051.00 2232.00 2478.00 2698.00
2917.00 3050.00 3090.00 3192.00 3227.00 3239.00 3226.00 3134.00
2994.00 2791.00 2539.00 2307.00 2085.00 1910.00 1673.00 1426.00
1214.00 1083.00 883.00  833.00  862.00  879.00  879.00  1009.00


site    i0      v0      v1
----    ----    ----    ----
0       2235.15 2101.10 2090.95

'data.csv' real size: 11657Byte, count size: 201Byte.
@note: lseek success, cur offset: 137 .
[D/test] @note:str size: 62,timestamps: 1670730425,[181]write done.

msh />start_adc_conv
msh />
adc_group[0]:
----    ----    ----    ----    ----    ----    ----    ----
2098.00 2272.00 2475.00 2692.00 2872.00 2980.00 3010.00 3118.00
3142.00 3151.00 3142.00 3042.00 2885.00 2693.00 2461.00 2247.00
2037.00 1865.00 1657.00 1437.00 1254.00 1138.00 924.00  927.00
956.00  968.00  988.00  1112.00 1268.00 1433.00 1675.00 1883.00
2109.00 2261.00 2477.00 2698.00 2876.00 3003.00 3020.00 3104.00
3139.00 3150.00 3142.00 3026.00 2878.00 2704.00 2458.00 2260.00
2032.00 1878.00 1660.00 1433.00 1250.00 1131.00 922.00  921.00
952.00  969.00  980.00  1105.00 1243.00 1438.00 1668.00 1880.00
2104.00 2253.00 2479.00 2680.00 2870.00 2985.00 3019.00 3112.00
3144.00 3149.00 3149.00 3031.00 2895.00 2698.00 2479.00 2265.00
2027.00 1874.00 1666.00 1442.00 1263.00 1138.00 925.00  919.00
967.00  958.00  978.00  1109.00 1235.00 1423.00 1678.00 1868.00
2082.00 2254.00 2460.00 2686.00 2860.00 2990.00 3012.00 3114.00
3143.00 3145.00 3149.00 3036.00 2894.00 2705.00 2471.00 2268.00
2045.00 1882.00 1668.00 1445.00 1258.00 1136.00 943.00  926.00
957.00  963.00  966.00  1101.00 1235.00 1431.00 1673.00 1864.00
2090.00 2244.00 2464.00 2687.00 2869.00 2983.00 3010.00 3115.00
3149.00 3143.00 3148.00 3046.00 2909.00 2710.00 2473.00 2271.00
2046.00 1888.00 1669.00 1465.00 1251.00 1133.00 935.00  923.00
955.00  964.00  970.00  1109.00 1234.00 1425.00 1660.00 1863.00
2083.00 2233.00 2449.00 2685.00 2855.00 2986.00 3021.00 3118.00
3153.00 3146.00 3146.00 3042.00 2913.00 2721.00 2472.00 2276.00
2058.00 1894.00 1683.00 1454.00 1259.00 1154.00 939.00  918.00
962.00  954.00  974.00  1097.00 1234.00 1421.00 1663.00 1868.00
2079.00 2236.00 2445.00 2668.00 2853.00 2975.00 3019.00 3101.00
3150.00 3144.00 3158.00 3046.00 2910.00 2721.00 2489.00 2285.00
2060.00 1897.00 1686.00 1462.00 1272.00 1142.00 948.00  928.00
961.00  966.00  971.00  1101.00 1215.00 1412.00 1653.00 1849.00
2068.00 2222.00 2440.00 2669.00 2862.00 2986.00 3001.00 3107.00
3145.00 3166.00 3155.00 3047.00 2919.00 2725.00 2489.00 2282.00
2082.00 1907.00 1702.00 1466.00 1285.00 1151.00 951.00  930.00
966.00  956.00  953.00  1085.00 1229.00 1414.00 1660.00 1837.00


site    i0      v0      v1
----    ----    ----    ----
0       2220.30 2099.76 2089.27

'data.csv' real size: 11721Byte, count size: 201Byte.
@note: lseek success, cur offset: 137 .
[D/test] @note:str size: 62,timestamps: 1670730455,[182]write done.

msh />start_adc_conv
msh />
adc_group[0]:
----    ----    ----    ----    ----    ----    ----    ----
1684.00 1863.00 2058.00 2221.00 2406.00 2609.00 2769.00 2894.00
2931.00 3008.00 3054.00 3056.00 3050.00 2958.00 2858.00 2666.00
2448.00 2270.00 2069.00 1917.00 1720.00 1511.00 1329.00 1226.00
1041.00 1009.00 1044.00 1047.00 1070.00 1175.00 1286.00 1468.00
1699.00 1864.00 2080.00 2220.00 2420.00 2606.00 2792.00 2900.00
2932.00 3022.00 3049.00 3059.00 3067.00 2951.00 2850.00 2655.00
2444.00 2257.00 2066.00 1908.00 1731.00 1520.00 1352.00 1232.00
1044.00 1015.00 1048.00 1055.00 1075.00 1182.00 1294.00 1483.00
1688.00 1875.00 2076.00 2222.00 2416.00 2614.00 2782.00 2897.00
2924.00 3007.00 3046.00 3066.00 3062.00 2956.00 2848.00 2647.00
2447.00 2262.00 2059.00 1913.00 1720.00 1511.00 1345.00 1230.00
1043.00 1025.00 1035.00 1047.00 1065.00 1190.00 1302.00 1488.00
1701.00 1872.00 2077.00 2219.00 2414.00 2619.00 2794.00 2898.00
2927.00 3028.00 3060.00 3064.00 3061.00 2952.00 2840.00 2661.00
2442.00 2262.00 2060.00 1908.00 1718.00 1520.00 1343.00 1239.00
1040.00 1020.00 1038.00 1058.00 1077.00 1192.00 1302.00 1465.00
1700.00 1879.00 2085.00 2235.00 2423.00 2623.00 2798.00 2897.00
2926.00 3015.00 3051.00 3069.00 3058.00 2952.00 2834.00 2646.00
2443.00 2251.00 2050.00 1899.00 1697.00 1501.00 1328.00 1220.00
1017.00 1013.00 1043.00 1054.00 1078.00 1192.00 1298.00 1490.00
1718.00 1891.00 2094.00 2233.00 2427.00 2629.00 2798.00 2908.00
2928.00 3020.00 3062.00 3046.00 3051.00 2951.00 2842.00 2650.00
2435.00 2235.00 2054.00 1899.00 1709.00 1504.00 1336.00 1222.00
1022.00 1021.00 1050.00 1042.00 1094.00 1179.00 1298.00 1497.00
1713.00 1898.00 2088.00 2239.00 2427.00 2631.00 2799.00 2902.00
2928.00 3023.00 3050.00 3066.00 3054.00 2945.00 2826.00 2637.00
2429.00 2246.00 2052.00 1894.00 1700.00 1495.00 1324.00 1216.00
1029.00 1018.00 1045.00 1051.00 1084.00 1204.00 1311.00 1505.00
1712.00 1888.00 2084.00 2238.00 2431.00 2639.00 2799.00 2898.00
2912.00 3012.00 3063.00 3060.00 3043.00 2946.00 2827.00 2639.00
2427.00 2242.00 2039.00 1890.00 1702.00 1496.00 1321.00 1219.00
1019.00 1029.00 1046.00 1043.00 1110.00 1197.00 1313.00 1508.00

site    i0      v0      v1
----    ----    ----    ----
0       2192.64 2101.10 2089.12

'data.csv' real size: 11785Byte, count size: 201Byte.
@note: lseek success, cur offset: 137 .
[D/test] @note:str size: 62,timestamps: 1670730493,[183]write done.

msh />start_adc_conv
msh />
adc_group[0]:
----    ----    ----    ----    ----    ----    ----    ----
1553.00 1399.00 1318.00 1133.00 1181.00 1187.00 1195.00 1253.00
1341.00 1457.00 1612.00 1779.00 1946.00 2122.00 2259.00 2424.00
2595.00 2736.00 2817.00 2807.00 2900.00 2929.00 2931.00 2899.00
2816.00 2673.00 2526.00 2366.00 2184.00 2012.00 1872.00 1712.00
1544.00 1390.00 1313.00 1128.00 1182.00 1191.00 1194.00 1265.00
1342.00 1465.00 1622.00 1778.00 1955.00 2129.00 2252.00 2429.00
2601.00 2743.00 2824.00 2822.00 2907.00 2923.00 2932.00 2891.00
2806.00 2677.00 2513.00 2344.00 2192.00 2018.00 1868.00 1703.00
1534.00 1386.00 1307.00 1129.00 1176.00 1192.00 1203.00 1257.00
1343.00 1467.00 1621.00 1783.00 1963.00 2135.00 2262.00 2421.00
2591.00 2738.00 2807.00 2811.00 2908.00 2922.00 2931.00 2888.00
2802.00 2671.00 2524.00 2351.00 2190.00 2007.00 1867.00 1706.00
1536.00 1380.00 1309.00 1129.00 1175.00 1189.00 1192.00 1267.00
1344.00 1469.00 1623.00 1779.00 1951.00 2130.00 2265.00 2432.00
2605.00 2753.00 2820.00 2830.00 2906.00 2926.00 2927.00 2873.00
2808.00 2675.00 2526.00 2343.00 2177.00 2011.00 1864.00 1700.00
1527.00 1373.00 1314.00 1120.00 1171.00 1199.00 1195.00 1271.00
1343.00 1461.00 1625.00 1790.00 1962.00 2129.00 2269.00 2442.00
2597.00 2756.00 2820.00 2827.00 2902.00 2925.00 2921.00 2880.00
2808.00 2666.00 2518.00 2352.00 2172.00 2009.00 1851.00 1682.00
1521.00 1375.00 1295.00 1118.00 1187.00 1193.00 1189.00 1273.00
1329.00 1483.00 1634.00 1796.00 1961.00 2128.00 2270.00 2438.00
2606.00 2745.00 2822.00 2825.00 2911.00 2914.00 2932.00 2881.00
2799.00 2668.00 2510.00 2340.00 2175.00 2015.00 1855.00 1694.00
1530.00 1379.00 1290.00 1127.00 1188.00 1195.00 1194.00 1283.00
1341.00 1481.00 1625.00 1798.00 1967.00 2129.00 2264.00 2440.00
2603.00 2762.00 2816.00 2825.00 2909.00 2925.00 2931.00 2877.00
2804.00 2654.00 2522.00 2346.00 2180.00 1996.00 1859.00 1693.00
1519.00 1375.00 1288.00 1128.00 1179.00 1186.00 1195.00 1278.00
1350.00 1481.00 1626.00 1799.00 1963.00 2130.00 2270.00 2435.00
2605.00 2740.00 2812.00 2823.00 2903.00 2925.00 2928.00 2865.00
2787.00 2661.00 2515.00 2333.00 2175.00 2002.00 1856.00 1685.00

site    i0      v0      v1
----    ----    ----    ----
0       2161.59 2101.42 2090.76

'data.csv' real size: 11849Byte, count size: 201Byte.
@note: lseek success, cur offset: 137 .
[D/test] @note:str size: 62,timestamps: 1670730527,[184]write done.

msh />start_adc_conv
msh />
adc_group[0]:
----    ----    ----    ----    ----    ----    ----    ----
2139.00 2287.00 2442.00 2580.00 2686.00 2713.00 2762.00 2810.00
2817.00 2828.00 2744.00 2694.00 2558.00 2418.00 2270.00 2134.00
1981.00 1834.00 1688.00 1540.00 1430.00 1329.00 1239.00 1288.00
1298.00 1296.00 1391.00 1437.00 1590.00 1726.00 1869.00 2020.00
2142.00 2294.00 2441.00 2586.00 2685.00 2715.00 2758.00 2804.00
2822.00 2817.00 2750.00 2700.00 2546.00 2404.00 2274.00 2124.00
1981.00 1848.00 1685.00 1550.00 1449.00 1334.00 1237.00 1287.00
1286.00 1298.00 1397.00 1452.00 1588.00 1730.00 1858.00 2011.00
2154.00 2296.00 2448.00 2586.00 2692.00 2718.00 2756.00 2808.00
2818.00 2823.00 2743.00 2698.00 2562.00 2403.00 2263.00 2122.00
1983.00 1834.00 1679.00 1541.00 1436.00 1318.00 1246.00 1293.00
1302.00 1305.00 1406.00 1444.00 1586.00 1738.00 1870.00 2016.00
2155.00 2282.00 2449.00 2582.00 2690.00 2714.00 2762.00 2799.00
2812.00 2822.00 2751.00 2688.00 2552.00 2405.00 2265.00 2124.00
1985.00 1834.00 1696.00 1552.00 1439.00 1324.00 1247.00 1283.00
1303.00 1299.00 1401.00 1458.00 1586.00 1738.00 1864.00 2020.00
2152.00 2291.00 2449.00 2589.00 2694.00 2708.00 2762.00 2825.00
2818.00 2804.00 2740.00 2690.00 2559.00 2409.00 2270.00 2124.00
1970.00 1835.00 1680.00 1531.00 1436.00 1306.00 1239.00 1291.00
1292.00 1301.00 1389.00 1449.00 1583.00 1754.00 1879.00 2028.00
2154.00 2287.00 2444.00 2586.00 2686.00 2706.00 2756.00 2813.00
2816.00 2818.00 2752.00 2690.00 2552.00 2399.00 2258.00 2131.00
1985.00 1837.00 1687.00 1541.00 1446.00 1330.00 1254.00 1289.00
1287.00 1292.00 1390.00 1459.00 1588.00 1746.00 1866.00 2019.00
2156.00 2290.00 2449.00 2598.00 2692.00 2713.00 2773.00 2798.00
2814.00 2811.00 2738.00 2698.00 2555.00 2402.00 2257.00 2117.00
1972.00 1833.00 1675.00 1540.00 1435.00 1316.00 1256.00 1286.00
1289.00 1298.00 1390.00 1447.00 1587.00 1743.00 1875.00 2017.00
2154.00 2301.00 2430.00 2589.00 2691.00 2715.00 2753.00 2802.00
2811.00 2814.00 2753.00 2681.00 2539.00 2406.00 2261.00 2115.00
1979.00 1823.00 1674.00 1542.00 1442.00 1313.00 1246.00 1275.00
1294.00 1299.00 1408.00 1459.00 1588.00 1742.00 1876.00 2011.00

site    i0      v0      v1
----    ----    ----    ----
0       2148.20 2101.25 2090.18

'data.csv' real size: 11913Byte, count size: 201Byte.
@note: lseek success, cur offset: 137 .
[D/test] @note:str size: 62,timestamps: 1670730558,[185]write done.

msh />start_adc_conv
msh />
adc_group[0]:
----    ----    ----    ----    ----    ----    ----    ----
1455.00 1401.00 1437.00 1444.00 1448.00 1528.00 1584.00 1691.00
1812.00 1916.00 2030.00 2144.00 2245.00 2378.00 2490.00 2564.00
2566.00 2627.00 2661.00 2677.00 2669.00 2619.00 2562.00 2449.00
2334.00 2209.00 2101.00 1989.00 1882.00 1761.00 1642.00 1556.00
1453.00 1395.00 1445.00 1453.00 1448.00 1524.00 1585.00 1691.00
1829.00 1935.00 2041.00 2147.00 2266.00 2384.00 2498.00 2573.00
2572.00 2622.00 2663.00 2660.00 2671.00 2608.00 2563.00 2448.00
2320.00 2204.00 2091.00 1991.00 1881.00 1743.00 1643.00 1567.00
1444.00 1406.00 1440.00 1437.00 1448.00 1520.00 1592.00 1693.00
1827.00 1927.00 2047.00 2147.00 2255.00 2383.00 2489.00 2552.00
2548.00 2614.00 2663.00 2675.00 2672.00 2623.00 2546.00 2438.00
2315.00 2196.00 2093.00 1994.00 1875.00 1737.00 1632.00 1560.00
1435.00 1398.00 1438.00 1442.00 1460.00 1527.00 1587.00 1698.00
1816.00 1927.00 2044.00 2153.00 2275.00 2407.00 2509.00 2564.00
2563.00 2626.00 2663.00 2666.00 2674.00 2628.00 2552.00 2447.00
2307.00 2198.00 2091.00 1993.00 1875.00 1743.00 1635.00 1558.00
1434.00 1403.00 1432.00 1448.00 1442.00 1530.00 1599.00 1707.00
1830.00 1944.00 2052.00 2145.00 2261.00 2384.00 2501.00 2566.00
2555.00 2637.00 2671.00 2683.00 2680.00 2614.00 2550.00 2448.00
2315.00 2197.00 2069.00 1979.00 1866.00 1740.00 1628.00 1562.00
1430.00 1400.00 1437.00 1455.00 1448.00 1528.00 1611.00 1692.00
1832.00 1951.00 2073.00 2153.00 2272.00 2392.00 2504.00 2577.00
2563.00 2633.00 2658.00 2665.00 2659.00 2611.00 2545.00 2434.00
2307.00 2187.00 2067.00 1977.00 1851.00 1730.00 1625.00 1563.00
1412.00 1415.00 1428.00 1448.00 1455.00 1519.00 1602.00 1704.00
1840.00 1950.00 2065.00 2159.00 2284.00 2397.00 2508.00 2573.00
2560.00 2615.00 2653.00 2675.00 2667.00 2613.00 2529.00 2419.00
2310.00 2193.00 2057.00 1971.00 1859.00 1727.00 1626.00 1562.00
1413.00 1409.00 1434.00 1436.00 1461.00 1530.00 1603.00 1707.00
1854.00 1945.00 2075.00 2165.00 2283.00 2406.00 2510.00 2576.00
2561.00 2631.00 2663.00 2669.00 2683.00 2613.00 2547.00 2420.00
2297.00 2178.00 2064.00 1970.00 1853.00 1728.00 1613.00 1548.00

site    i0      v0      v1
----    ----    ----    ----
0       2114.14 2100.34 2088.70

'data.csv' real size: 11977Byte, count size: 201Byte.
@note: lseek success, cur offset: 137 .
[D/test] @note:str size: 62,timestamps: 1670730593,[186]write done.

msh />start_adc_conv
msh />
adc_group[0]:
----    ----    ----    ----    ----    ----    ----    ----
1772.00 1882.00 1975.00 2087.00 2179.00 2264.00 2362.00 2442.00
2494.00 2438.00 2537.00 2577.00 2572.00 2567.00 2519.00 2435.00
2365.00 2254.00 2162.00 2048.00 1971.00 1871.00 1767.00 1675.00
1623.00 1480.00 1517.00 1537.00 1550.00 1565.00 1633.00 1697.00
1772.00 1891.00 1998.00 2085.00 2166.00 2255.00 2360.00 2445.00
2500.00 2460.00 2532.00 2562.00 2566.00 2570.00 2520.00 2443.00
2352.00 2248.00 2146.00 2052.00 1959.00 1880.00 1773.00 1689.00
1625.00 1489.00 1514.00 1551.00 1544.00 1570.00 1629.00 1699.00
1789.00 1893.00 1989.00 2085.00 2161.00 2252.00 2361.00 2443.00
2491.00 2452.00 2540.00 2567.00 2571.00 2575.00 2508.00 2433.00
2351.00 2251.00 2149.00 2039.00 1968.00 1869.00 1766.00 1678.00
1630.00 1471.00 1513.00 1529.00 1549.00 1578.00 1638.00 1702.00
1783.00 1901.00 1985.00 2087.00 2172.00 2264.00 2368.00 2448.00
2502.00 2451.00 2545.00 2555.00 2563.00 2571.00 2500.00 2441.00
2342.00 2245.00 2149.00 2049.00 1969.00 1867.00 1761.00 1681.00
1624.00 1471.00 1520.00 1533.00 1542.00 1578.00 1632.00 1705.00
1790.00 1896.00 1971.00 2085.00 2171.00 2265.00 2351.00 2447.00
2492.00 2452.00 2547.00 2563.00 2564.00 2558.00 2504.00 2456.00
2350.00 2244.00 2150.00 2047.00 1961.00 1853.00 1749.00 1668.00
1625.00 1465.00 1515.00 1538.00 1541.00 1573.00 1626.00 1704.00
1806.00 1892.00 1989.00 2089.00 2176.00 2264.00 2368.00 2457.00
2501.00 2457.00 2540.00 2551.00 2560.00 2569.00 2513.00 2436.00
2350.00 2238.00 2141.00 2042.00 1963.00 1870.00 1768.00 1684.00
1628.00 1485.00 1519.00 1540.00 1549.00 1572.00 1620.00 1704.00
1802.00 1895.00 1990.00 2098.00 2165.00 2254.00 2359.00 2445.00
2499.00 2449.00 2535.00 2567.00 2570.00 2563.00 2509.00 2431.00
2357.00 2241.00 2145.00 2044.00 1960.00 1860.00 1764.00 1675.00
1621.00 1475.00 1519.00 1535.00 1555.00 1578.00 1629.00 1704.00
1788.00 1900.00 1998.00 2100.00 2173.00 2266.00 2370.00 2458.00
2504.00 2459.00 2541.00 2555.00 2562.00 2576.00 2506.00 2427.00
2349.00 2231.00 2141.00 2039.00 1963.00 1871.00 1769.00 1685.00
1633.00 1475.00 1508.00 1542.00 1552.00 1573.00 1640.00 1705.00

site    i0      v0      v1
----    ----    ----    ----
0       2100.62 2099.83 2088.59

'data.csv' real size: 12041Byte, count size: 201Byte.
@note: lseek success, cur offset: 137 .
[D/test] @note:str size: 62,timestamps: 1670730625,[187]write done.

msh />start_adc_conv
msh />
adc_group[0]:
----    ----    ----    ----    ----    ----    ----    ----
2317.00 2242.00 2181.00 2098.00 2027.00 1964.00 1890.00 1813.00
1753.00 1695.00 1609.00 1661.00 1673.00 1674.00 1734.00 1753.00
1823.00 1893.00 1961.00 2036.00 2112.00 2181.00 2258.00 2323.00
2381.00 2381.00 2374.00 2436.00 2440.00 2439.00 2411.00 2379.00
2327.00 2243.00 2169.00 2083.00 2014.00 1961.00 1889.00 1799.00
1760.00 1679.00 1615.00 1675.00 1675.00 1679.00 1731.00 1745.00
1817.00 1894.00 1959.00 2046.00 2115.00 2173.00 2249.00 2324.00
2379.00 2371.00 2379.00 2423.00 2435.00 2442.00 2427.00 2383.00
2325.00 2241.00 2163.00 2087.00 2027.00 1952.00 1890.00 1810.00
1757.00 1682.00 1621.00 1663.00 1678.00 1685.00 1725.00 1770.00
1823.00 1902.00 1966.00 2039.00 2105.00 2174.00 2252.00 2303.00
2372.00 2362.00 2375.00 2435.00 2434.00 2448.00 2414.00 2373.00
2314.00 2239.00 2169.00 2096.00 2025.00 1957.00 1874.00 1806.00
1754.00 1683.00 1627.00 1659.00 1668.00 1680.00 1734.00 1756.00
1820.00 1895.00 1979.00 2039.00 2115.00 2174.00 2254.00 2330.00
2379.00 2374.00 2383.00 2426.00 2437.00 2439.00 2420.00 2388.00
2317.00 2240.00 2158.00 2089.00 2029.00 1951.00 1885.00 1813.00
1766.00 1688.00 1625.00 1675.00 1672.00 1674.00 1733.00 1753.00
1835.00 1903.00 1974.00 2050.00 2099.00 2172.00 2252.00 2319.00
2381.00 2355.00 2375.00 2439.00 2447.00 2432.00 2418.00 2374.00
2322.00 2237.00 2159.00 2097.00 2020.00 1947.00 1878.00 1807.00
1757.00 1677.00 1624.00 1659.00 1682.00 1678.00 1734.00 1755.00
1821.00 1903.00 1975.00 2047.00 2113.00 2188.00 2260.00 2327.00
2375.00 2368.00 2386.00 2437.00 2436.00 2451.00 2417.00 2379.00
2311.00 2225.00 2163.00 2105.00 2024.00 1948.00 1871.00 1799.00
1750.00 1666.00 1627.00 1665.00 1691.00 1664.00 1739.00 1766.00
1822.00 1911.00 1970.00 2040.00 2105.00 2173.00 2255.00 2326.00
2375.00 2352.00 2388.00 2440.00 2447.00 2436.00 2395.00 2379.00
2316.00 2234.00 2168.00 2087.00 2014.00 1956.00 1872.00 1799.00
1743.00 1657.00 1619.00 1665.00 1682.00 1676.00 1729.00 1761.00
1825.00 1909.00 1972.00 2058.00 2111.00 2183.00 2264.00 2323.00
2379.00 2362.00 2390.00 2441.00 2436.00 2444.00 2416.00 2379.00