-267.7	-53.6	23.7	40.8	68.7	-0.4	1.1	-31.9	
252.8	294.5	-34.6	-54.4	1.5	-40.5	9.6	41.9	
66.8	146.8	-46.2	31.6	43.9	1.6	48.0	-14.0	

fft_value:
----	----	----	----	----	----	----	----
2215.3	1.3	1.9	2.4	923.2	2.2	1.6	0.2	
58.6	1.8	1.2	0.8	24.2	2.9	0.4	1.9	
21.6	0.8	0.5	1.1	16.7	1.6	1.0	0.8	
16.5	1.1	1.1	0.7	8.9	1.1	0.7	0.6	
11.2	0.0	1.6	0.5	9.0	0.9	0.4	0.9	
10.0	0.9	1.9	0.6	6.0	1.0	0.8	0.8	
7.4	0.8	0.6	0.8	4.3	0.7	1.1	0.5	
6.1	1.0	0.6	0.7	2.5	0.9	0.7	0.8	
adc_val: 683093056.000000, p: 0.128900, q:-263.890015.

site	i0	v0	v1
----	----	----	----	
0	30034202.00	97255896.00	88050432.00

'data.csv' real size: 1091Byte, count size: 1091Byte.
@note: lseek success, cur offset: 1091 .
[D/test] @note:str size: 85,timestamps: 741355568,[14]write done.


msh />start_adc_conv
msh />
adc_group[0]:
----	----	----	----	----	----	----	----
1972	1756	1548	1342	1254	1091	972	1016	
1034	1045	1185	1261	1474	1694	1902	2089	
2272	2474	2697	2866	2964	2971	3042	3116	
3142	3173	3074	2951	2727	2534	2345	2138	
1971	1746	1547	1328	1233	1086	976	1017	
1044	1046	1170	1286	1493	1694	1890	2102	
2270	2477	2681	2880	2982	2978	3040	3144	
3131	3159	3061	2949	2729	2531	2330	2137	
1960	1757	1532	1315	1246	1095	977	1013	
1028	1043	1174	1272	1499	1710	1914	2102	
2276	2480	2682	2876	2984	2979	3031	3131	
3139	3154	3057	2962	2746	2525	2311	2133	
1972	1735	1539	1328	1222	1082	980	1026	
1042	1067	1171	1284	1494	1715	1900	2113	
2257	2475	2694	2894	2994	2968	3033	3130	
3166	3144	3050	2954	2746	2518	2331	2135	
1945	1735	1527	1329	1244	1089	974	1024	
1042	1058	1193	1287	1509	1700	1920	2104	
2287	2507	2686	2867	2978	2987	3040	3113	
3142	3154	3048	2939	2729	2516	2317	2125	
1964	1744	1510	1316	1231	1072	984	1014	
1041	1074	1183	1300	1503	1720	1921	2113	
2270	2487	2696	2904	2984	2980	3046	3135	
3146	3142	3048	2948	2728	2524	2309	2114	
1932	1735	1518	1329	1231	1053	986	1018	
1026	1079	1185	1296	1507	1729	1918	2124	
2273	2490	2700	2889	2987	2977	3039	3120	
3151	3141	3039	2940	2736	2502	2304	2115	
1937	1733	1507	1318	1240	1058	996	1032	
1052	1064	1184	1303	1509	1725	1919	2105	
2285	2500	2711	2909	2975	2967	3072	3130	
3140	3149	3047	2934	2710	2505	2303	2103	

fft_output:
----	----	----	----	----	----	----	----
268528.0	0.0	-50.0	22.6	33.7	90.9	-117.8	203.6	
-11673.3	67967.8	61.4	-153.2	-4.0	-40.5	67.6	-70.5	
1368.3	1554.3	31.3	-37.6	22.9	-174.0	37.4	-128.6	
-1146.6	-398.1	6.1	-24.3	-122.1	44.0	-24.4	-32.4	
70.5	-1386.1	-33.4	59.9	-70.3	-4.5	127.1	-0.0	
1768.2	-479.6	-10.2	-109.0	-56.7	161.4	77.5	-117.0	
-729.9	521.8	23.7	9.3	-59.0	-175.2	110.5	-30.2	
818.8	-228.6	37.7	-75.1	129.2	48.6	-106.4	-32.9	
736.0	364.0	59.1	-86.9	-125.4	2.2	-41.9	-169.8	
-32.2	-296.2	31.8	-19.5	-15.1	-112.1	24.4	-30.9	
-31.5	-631.7	110.0	-38.8	-138.5	-72.3	-23.0	15.8	
-429.8	-15.7	41.8	-5.7	-50.5	0.6	-72.8	10.9	
-390.5	217.9	140.2	-10.3	-4.5	69.1	-3.6	60.2	
618.9	51.5	-53.7	-32.9	42.0	8.8	-1.2	68.4	
133.0	116.9	61.6	-7.5	-141.5	-97.8	28.9	78.7	
83.9	365.9	-15.2	49.8	63.8	103.7	-44.5	-28.4	

fft_value:
----	----	----	----	----	----	----	----
2097.9	0.9	1.5	3.7	1077.5	2.6	0.6	1.5	
32.4	0.8	2.7	2.1	19.0	0.4	2.0	0.6	
21.7	1.1	1.1	2.0	28.6	1.7	2.7	2.2	
14.0	0.4	2.9	1.8	13.3	1.3	2.2	1.7	
12.8	1.6	2.0	2.7	4.7	0.6	1.8	0.6	
9.9	1.8	2.4	0.4	6.7	0.7	0.8	1.2	
7.0	2.2	1.1	0.9	9.7	1.0	0.7	1.1	
2.8	1.0	2.7	1.3	5.9	0.8	1.9	0.8	
adc_val: 637887168.000000, p: 0.049000, q:-94.141998.

adc_group[1]:
----	----	----	----	----	----	----	----
0	1975	1795	1617	1538	1386	1278	1334	
1343	1363	1477	1542	1713	1896	2079	2242	
2407	2567	2746	2869	2934	2920	2955	3025	
3050	3069	3021	2940	2781	2634	2483	2305	
2161	1964	1795	1608	1516	1391	1289	1334	
1358	1362	1461	1559	1732	1906	2070	2251	
2402	2573	2732	2881	2953	2931	2952	3041	
3034	3065	3012	2941	2783	2627	2476	2308	
2147	1977	1784	1597	1530	1395	1290	1329	
1349	1361	1465	1540	1737	1912	2095	2255	
2408	2572	2734	2880	2959	2923	2950	3027	
3046	3062	3007	2950	2796	2621	2453	2302	
2162	1961	1789	1603	1509	1374	1302	1327	
1358	1381	1459	1554	1732	1927	2080	2263	
2391	2560	2745	2895	2965	2915	2941	3043	
3063	3049	3004	2940	2800	2627	2470	2304	
2139	1955	1777	1607	1530	1386	1290	1337	
1360	1368	1486	1557	1741	1909	2098	2259	
2420	2594	2740	2873	2956	2932	2952	3022	
3054	3063	2996	2931	2770	2623	2456	2303	
2154	1959	1764	1591	1514	1371	1298	1336	
1353	1380	1473	1566	1739	1927	2096	2264	
2394	2583	2750	2896	2956	2922	2956	3041	
3049	3052	3008	2943	2783	2631	2440	2282	
2125	1960	1771	1605	1519	1357	1302	1335	
1344	1397	1477	1572	1743	1938	2096	2276	
2407	2578	2751	2887	2958	2921	2955	3028	
3055	3057	2998	2932	2788	2610	2449	2285	
2128	1956	1760	1597	1522	1365	1306	1351	
1365	1371	1477	1573	1749	1931	2099	2259	
2417	2591	2760	2902	2944	2904	2982	3032	
3043	3059	2997	2927	2766	2616	2453	2277	

fft_output:
----	----	----	----	----	----	----	----
285901.0	0.0	-54.6	30.1	60.6	36.2	-82.1	181.8	
-9065.5	55597.4	46.5	-141.4	13.3	-16.6	27.1	-50.7	
3043.3	1949.5	6.8	-54.9	-47.6	-139.6	3.1	-108.0	
-1204.2	562.6	-45.9	-42.6	-141.2	39.4	0.2	-91.0	
8.9	-1316.8	-44.7	33.4	-104.1	-60.2	160.0	-31.6	
1373.0	-466.7	-41.7	-113.7	-107.3	122.1	75.3	-115.0	
-787.7	463.4	41.1	-24.9	-7.7	-178.4	99.2	22.2	
689.5	-225.8	25.6	-62.2	119.7	58.3	-75.5	-37.8	
716.0	345.0	13.9	-105.0	-85.6	-22.4	8.9	-174.2	
-91.1	-187.2	24.1	10.2	1.3	-141.9	-40.7	-8.7	
-17.7	-626.7	110.9	-34.6	-84.3	-71.1	-10.6	18.6	
-257.9	-18.2	36.6	4.6	-16.0	79.0	-24.8	-0.0	
-348.9	311.2	27.1	-14.1	-49.9	80.6	71.1	36.8	
437.6	27.7	-27.2	56.9	56.4	-48.8	-1.4	46.4	
94.1	143.3	18.6	-5.8	-120.5	-119.3	2.0	59.5	
30.6	316.6	-39.6	-4.6	33.0	122.1	-53.1	39.4	

fft_value:
----	----	----	----	----	----	----	----
2233.6	1.0	1.1	3.1	880.2	2.3	0.3	0.9	
56.5	0.9	2.3	1.7	20.8	1.0	2.3	1.4	
20.6	0.9	1.9	2.5	22.7	1.9	2.5	2.1	
14.3	0.8	2.8	1.6	11.3	1.1	2.1	1.3	
12.4	1.7	1.4	2.7	3.3	0.4	2.2	0.7	
9.8	1.8	1.7	0.3	4.0	0.6	1.3	0.4	
7.3	0.5	1.5	1.3	6.9	1.0	1.2	0.7	
2.7	0.3	2.6	0.9	5.0	0.6	2.0	1.0	
adc_val: 688518144.000000, p: 0.143200, q:-293.279999.

adc_group[2]:
----	----	----	----	----	----	----	----
2105	1880	1637	1427	1310	1146	1035	1098	
1094	1129	1241	1329	1552	1781	2006	2218	
2420	2642	2846	3004	3089	3058	3092	3175	
3202	3218	3165	3081	2914	2720	2525	2302	
2107	1875	1635	1414	1296	1143	1054	1081	
1119	1132	1243	1342	1563	1782	1996	2228	
2416	2642	2841	3011	3093	3056	3094	3179	
3192	3221	3163	3092	2908	2701	2513	2297	
2102	1868	1622	1412	1314	1151	1044	1080	
1116	1122	1238	1333	1564	1787	2011	2229	
2429	2638	2837	3015	3093	3064	3091	3173	
3201	3216	3156	3088	2912	2719	2501	2298	
2103	1862	1630	1403	1292	1140	1049	1078	
1116	1139	1252	1336	1558	1794	2016	2239	
2417	2644	2845	3026	3095	3045	3091	3186	
3211	3211	3162	3086	2916	2703	2500	2283	
2089	1847	1617	1422	1307	1140	1044	1099	
1112	1127	1246	1347	1575	1788	2020	2240	
2435	2657	2862	3018	3098	3067	3102	3158	
3206	3226	3140	3073	2896	2706	2500	2287	
2093	1847	1621	1391	1292	1132	1050	1085	
1125	1152	1232	1357	1574	1809	2021	2235	
2422	2654	2860	3029	3105	3066	3092	3192	
3202	3208	3150	3083	2913	2698	2488	2269	
2073	1844	1616	1407	1300	1132	1052	1093	
1106	1150	1246	1348	1573	1811	2029	2247	
2420	2651	2857	3026	3102	3061	3110	3172	
3203	3225	3139	3078	2892	2699	2488	2263	
2072	1841	1607	1401	1300	1131	1048	1100	
1120	1150	1244	1361	1582	1817	2023	2239	
2433	2664	2871	3031	3103	3056	3110	3184	
3193	3219	3154	3068	2896	2691	2488	2262	

fft_output:
----	----	----	----	----	----	----	----
281750.0	0.0	-21.1	50.0	16.4	68.5	-40.3	223.7	
-11244.2	69274.9	67.9	-217.1	19.3	-66.0	-18.9	-53.0	
4065.9	2397.3	41.5	-69.8	-93.9	-178.6	80.4	-55.8	
-1858.6	1543.8	15.6	-3.8	-138.6	-61.3	-21.6	1.1	
102.0	-1484.3	-37.0	12.4	-73.0	-33.0	81.0	-90.3	
1535.1	-582.6	-18.3	-20.5	-29.4	42.5	4.1	-9.9	
-970.5	447.3	66.6	-82.1	33.2	-146.9	119.5	47.7	
799.0	-217.3	-7.7	-69.2	114.8	150.5	34.1	-91.5	
793.0	323.0	95.3	-67.5	36.6	82.3	-48.1	-103.5	
-54.3	-243.6	-26.7	16.5	5.5	-129.1	16.3	30.8	
10.0	-591.9	-58.1	-74.4	56.0	-107.2	-0.1	4.4	
-316.9	-47.8	39.4	20.2	-34.4	44.2	-32.8	16.2	
-352.0	215.7	78.9	-18.1	-32.6	-13.2	-38.9	-21.5	
524.1	-19.9	-59.4	-36.6	37.5	-112.5	94.9	-43.7	
98.7	110.2	-23.4	69.1	-28.5	-139.8	-8.7	27.1	
87.8	342.2	63.9	58.0	31.3	63.7	-22.1	5.0	

fft_value:
----	----	----	----	----	----	----	----
2201.2	0.8	1.1	3.6	1096.6	3.6	1.1	0.9	
73.8	1.3	3.2	1.5	37.8	0.3	2.4	0.3	
23.2	0.6	1.3	1.9	25.7	0.4	0.8	0.2	
16.7	1.7	2.4	2.0	12.9	1.1	3.0	1.5	
13.4	1.8	1.4	1.8	3.9	0.5	2.0	0.5	
9.2	1.5	1.9	0.1	5.0	0.7	0.9	0.6	
6.5	1.3	0.6	0.7	8.2	1.1	1.9	1.6	
2.3	1.1	2.2	0.4	5.5	1.3	1.1	0.4	
adc_val: 697721408.000000, p: 0.128900, q:-263.890015.

site	i0	v0	v1
----	----	----	----	
0	31256376.00	98595496.00	89936032.00

'data.csv' real size: 1163Byte, count size: 1163Byte.
@note: lseek success, cur offset: 1163 .
[D/test] @note:str size: 85,timestamps: 741355568,[15]write done.

msh />start_adc_conv
msh />
adc_group[0]:
----	----	----	----	----	----	----	----
2921	2660	2406	2162	1950	1714	1496	1239	
1072	922	793	806	818	848	971	1080	
1297	1569	1810	2059	2286	2502	2724	2980	
3130	3155	3181	3294	3328	3361	3274	3140	
2914	2678	2419	2184	1947	1739	1485	1216	
1077	945	809	800	840	841	965	1090	
1293	1559	1807	2061	2276	2494	2722	2970	
3127	3161	3189	3291	3324	3333	3260	3142	
2943	2663	2429	2182	1959	1745	1489	1235	
1086	937	789	794	839	845	958	1080	
1302	1565	1798	2056	2276	2472	2704	2976	
3133	3154	3181	3305	3348	3343	3259	3154	
2945	2674	2430	2180	1953	1762	1511	1241	
1076	951	792	816	821	841	950	1061	
1285	1548	1809	2027	2283	2472	2694	2977	
3113	3149	3198	3282	3336	3343	3261	3166	
2957	2675	2440	2200	1969	1754	1503	1234	
1096	953	801	802	830	857	949	1078	
1269	1554	1792	2014	2271	2473	2696	2981	
3107	3157	3197	3296	3318	3346	3289	3153	
2970	2690	2444	2206	1969	1769	1527	1234	
1085	953	788	808	832	845	943	1067	
1261	1541	1768	2022	2273	2447	2699	2959	
3098	3146	3204	3303	3321	3344	3286	3157	
2965	2676	2457	2204	1975	1779	1523	1241	
1099	964	785	792	819	860	946	1064	
1244	1534	1782	2022	2269	2449	2689	2951	
3101	3172	3193	3295	3318	3340	3290	3166	
2960	2693	2460	2212	1977	1781	1538	1249	
1106	960	791	788	830	832	937	1060	
1245	1538	1776	2013	2254	2454	2676	2947	
3112	3164	3169	3282	3341	3344	3285	3171	

fft_output:
----	----	----	----	----	----	----	----
267916.0	0.0	-116.6	-12.3	-160.3	-166.4	-185.6	-190.3	
51467.5	63956.5	143.1	285.0	43.0	166.7	48.3	88.5	
1546.2	-1665.3	13.8	73.4	54.2	1.3	-159.7	-42.0	
1146.3	1247.9	26.9	88.8	-22.1	54.9	1.2	42.2	
207.2	1429.3	-67.0	31.0	3.7	-100.5	3.7	-34.4	
87.6	2082.9	39.6	17.5	-49.1	26.6	71.4	5.4	
-690.6	-484.3	-79.4	27.1	-74.6	166.7	46.1	55.5	
759.3	-168.2	-139.9	-21.7	16.3	123.1	-47.7	150.1	
746.0	78.0	47.9	-35.1	0.6	-20.1	-156.8	-28.4	
-636.3	263.0	-31.9	-104.9	15.9	-56.4	-45.6	-55.9	
-492.9	155.5	65.0	11.7	39.6	-12.3	-91.4	-142.6	
807.2	367.9	-36.8	100.4	-83.8	112.7	-17.3	-89.1	
48.8	-286.7	43.7	-128.6	-7.7	75.6	4.4	4.4	
7.8	133.8	183.8	152.9	14.9	-34.4	2.6	2.6	
189.2	206.5	-59.5	-53.2	-118.5	29.8	42.7	-58.0	
-55.4	124.6	-14.1	91.0	88.0	-19.4	17.0	15.3	

fft_value:
----	----	----	----	----	----	----	----
2093.1	1.8	3.6	4.2	1282.7	5.0	2.7	1.6	
35.5	1.2	0.8	2.6	26.5	1.5	0.9	0.7	
22.6	1.2	1.6	0.5	32.6	0.7	0.9	1.1	
13.2	1.3	2.9	1.1	12.2	2.2	1.9	2.5	
11.7	0.9	0.3	2.5	10.8	1.7	0.9	1.1	
8.1	1.0	0.6	2.6	13.9	1.7	2.2	1.4	
4.5	2.1	1.2	0.1	2.1	3.7	0.6	0.1	
4.4	1.2	1.9	1.1	2.1	1.4	1.4	0.4	
adc_val: 666369280.000000, p: 0.049000, q:-94.141998.

adc_group[1]:
----	----	----	----	----	----	----	----
0	2734	2527	2326	2145	1950	1759	1531	
1389	1250	1151	1170	1184	1213	1306	1388	
1569	1801	2003	2216	2410	2584	2756	2942	
3048	3030	3021	3106	3152	3181	3146	3052	
2914	2746	2548	2354	2140	1962	1746	1519	
1396	1281	1169	1166	1203	1203	1294	1396	
1559	1778	2002	2217	2409	2578	2752	2934	
3043	3043	3028	3111	3151	3153	3118	3054	
2935	2735	2549	2346	2152	1967	1746	1519	
1402	1270	1143	1158	1196	1203	1287	1393	
1568	1792	1992	2219	2401	2561	2737	2944	
3048	3036	3019	3115	3170	3163	3115	3064	
2943	2739	2549	2341	2149	1989	1767	1535	
1401	1287	1155	1176	1182	1208	1293	1369	
1552	1783	2004	2193	2421	2561	2734	2935	
3025	3031	3039	3101	3159	3167	3122	3076	
2947	2749	2562	2359	2159	1977	1762	1534	
1415	1287	1164	1163	1200	1218	1285	1397	
1534	1784	1989	2171	2401	2568	2741	2946	
3026	3029	3037	3114	3132	3168	3138	3061	
2944	2754	2569	2366	2156	1995	1777	1533	
1409	1286	1142	1165	1204	1211	1281	1382	
1531	1776	1961	2187	2399	2539	2747	2929	
3018	3029	3044	3123	3144	3166	3143	3063	
2947	2742	2575	2364	2165	2001	1777	1534	
1418	1292	1142	1156	1185	1220	1290	1384	
1522	1765	1975	2185	2401	2539	2739	2919	
3016	3049	3038	3111	3143	3168	3142	3067	
2939	2755	2568	2379	2167	2010	1789	1548	
1421	1290	1150	1152	1194	1193	1276	1372	
1519	1770	1976	2177	2390	2550	2724	2913	
3024	3041	3013	3110	3164	3160	3141	3071	

fft_output:
----	----	----	----	----	----	----	----
283921.0	0.0	-162.7	-8.9	-103.7	-77.9	-159.3	-78.9	
41429.8	50580.3	147.4	269.9	87.3	177.9	46.2	108.2	
1862.7	-4052.8	6.2	26.9	76.2	27.5	-200.0	-80.4	
2098.3	189.7	50.7	31.5	-22.7	44.4	44.8	43.4	
135.9	1235.7	-76.6	13.7	-13.0	-133.3	-67.9	18.6	
190.5	1484.2	43.0	18.1	-13.9	52.5	9.0	0.5	
-638.5	-605.2	-25.6	4.5	-38.5	118.7	96.4	99.3	
682.5	-217.3	-153.0	-61.0	-32.8	101.7	-4.5	188.3	
730.0	-51.0	55.8	-50.0	20.9	-17.4	-181.9	-13.4	
-490.7	211.8	-25.8	-164.1	9.8	-77.7	-17.5	14.1	
-475.9	208.7	56.0	0.1	85.9	-1.5	-114.7	-133.9	
650.9	344.3	3.7	99.6	-134.2	39.2	42.3	-90.9	
10.1	-278.3	39.2	-160.6	13.2	11.6	26.4	-35.3	
115.0	37.6	108.5	166.6	-7.5	-27.3	8.3	34.0	
91.7	165.1	-49.1	-92.7	-103.5	43.7	58.6	-0.9	
-4.2	77.2	28.8	52.9	96.4	-35.4	-16.7	41.6	

fft_value:
----	----	----	----	----	----	----	----
2218.1	2.5	2.0	2.8	1021.6	4.8	3.1	1.8	
69.7	0.4	1.3	3.4	32.9	0.9	0.8	1.0	
19.4	1.2	2.1	1.1	23.4	0.7	0.8	0.1	
13.7	0.4	1.9	2.2	11.2	2.6	1.7	2.9	
11.4	1.2	0.4	2.9	8.4	2.6	1.2	0.4	
8.1	0.9	1.3	2.8	11.5	1.6	2.2	1.6	
4.4	2.6	0.3	0.7	1.9	3.1	0.4	0.5	
3.0	1.6	1.8	0.9	1.2	0.9	1.6	0.7	
adc_val: 697066304.000000, p: 0.143200, q:-293.279999.

adc_group[2]:
----	----	----	----	----	----	----	----
3070	2838	2594	2332	2083	1843	1595	1305	
1172	1010	890	938	944	975	1066	1169	
1355	1641	1916	2173	2438	2658	2881	3092	
3188	3177	3167	3266	3296	3317	3283	3192	
3063	2854	2602	2354	2087	1858	1590	1300	
1173	1035	891	916	961	961	1057	1162	
1336	1627	1909	2179	2435	2648	2869	3085	
3188	3179	3162	3262	3297	3315	3274	3198	
3071	2845	2616	2354	2097	1870	1600	1305	
1174	1023	889	910	957	974	1051	1166	
1352	1640	1896	2164	2428	2624	2854	3087	
3193	3179	3166	3263	3308	3315	3268	3217	
3083	2862	2617	2357	2094	1887	1614	1323	
1165	1046	890	918	938	966	1057	1148	
1330	1624	1891	2156	2428	2627	2859	3066	
3183	3177	3169	3255	3297	3316	3276	3212	
3096	2859	2629	2366	2102	1883	1606	1326	
1180	1039	900	911	960	969	1045	1156	
1319	1631	1872	2145	2415	2618	2859	3094	
3175	3182	3161	3260	3286	3323	3288	3210	
3090	2859	2632	2372	2110	1891	1630	1325	
1167	1039	893	935	946	976	1048	1150	
1307	1624	1869	2150	2410	2609	2856	3066	
3180	3185	3165	3262	3297	3316	3294	3217	
3093	2850	2643	2382	2115	1905	1632	1332	
1183	1043	895	906	944	971	1053	1151	
1309	1616	1861	2140	2411	2598	2840	3073	
3168	3186	3164	3257	3298	3321	3291	3221	
3099	2867	2638	2392	2115	1915	1642	1337	
1187	1062	901	915	957	967	1037	1138	
1305	1609	1864	2131	2401	2594	2834	3065	
3180	3187	3159	3253	3308	3322	3281	3232	

fft_output:
----	----	----	----	----	----	----	----
279422.0	0.0	-67.0	-29.5	-135.8	-84.8	-209.6	-103.1	
50578.3	61811.2	90.0	228.9	53.4	161.9	63.5	168.4	
2181.3	-5241.3	11.0	16.9	53.0	14.2	-137.9	-64.5	
3831.7	-721.9	11.4	50.8	-15.6	50.9	13.2	61.9	
-50.4	1402.5	-77.8	-19.7	-2.5	-105.6	37.0	91.8	
358.7	1658.9	-59.8	55.4	8.4	52.2	-38.2	31.7	
-736.0	-815.6	-18.7	-7.7	-106.7	83.3	3.9	56.6	
918.2	-358.2	-71.1	-37.5	0.3	106.0	5.5	118.6	
678.0	-132.0	-19.0	-41.7	53.6	-118.9	-77.6	-2.7	
-504.5	261.2	-2.2	-1.1	-16.8	46.4	-72.9	-10.2	
-552.8	303.6	8.7	30.7	-35.6	4.3	-46.2	-36.2	
732.6	407.2	-57.8	41.9	-82.6	-21.5	-43.5	-27.4	
34.4	-497.5	46.9	-61.2	100.4	55.4	-39.6	-118.2	
269.3	41.2	-10.8	54.7	13.3	-50.8	-14.1	28.6	
31.5	258.0	-77.5	26.9	-113.0	-11.3	81.7	-62.0	
71.7	85.3	-24.8	114.1	130.3	35.5	-7.0	64.7	

fft_value:
----	----	----	----	----	----	----	----
2183.0	1.1	2.5	3.6	1247.9	3.8	2.7	2.8	
88.7	0.3	0.9	2.4	60.9	0.8	0.8	1.0	
21.9	1.3	1.7	1.5	26.5	1.3	0.8	0.8	
17.2	0.3	2.1	0.9	15.4	1.3	1.7	1.9	
10.8	0.7	2.0	1.2	8.9	0.0	0.8	1.1	
9.9	0.5	0.6	0.9	13.1	1.1	1.3	0.8	
7.8	1.2	1.8	1.9	4.3	0.9	0.8	0.5	
4.1	1.3	1.8	1.6	1.7	1.8	2.1	1.0	
adc_val: 710537792.000000, p: 0.128900, q:-263.890015.

site	i0	v0	v1
----	----	----	----	
0	32652000.00	99819592.00	91588064.00

'data.csv' real size: 1235Byte, count size: 1235Byte.
@note: lseek success, cur offset: 1235 .
[D/test] @note:str size: 85,timestamps: 741355568,[16]write done.

msh />start_adc_conv
msh />
adc_group[0]:
----	----	----	----	----	----	----	----
1611	1316	1047	901	710	598	648	669	
695	829	958	1280	1541	1808	2110	2343	
2636	2893	3149	3291	3334	3408	3474	3503	
3503	3399	3257	2948	2693	2411	2119	1884	
1600	1328	1042	908	722	601	635	668	
710	835	973	1271	1542	1828	2094	2345	
2631	2911	3148	3282	3313	3382	3461	3484	
3495	3382	3247	2966	2681	2408	2133	1898	
1590	1320	1056	906	714	598	658	660	
695	831	976	1256	1529	1817	2114	2342	
2624	2897	3161	3296	3311	3399	3479	3497	
3498	3400	3263	2946	2691	2409	2119	1883	
1611	1323	1045	907	715	613	651	658	
699	826	969	1253	1545	1820	2111	2334	
2636	2884	3140	3290	3315	3395	3462	3503	
3506	3380	3261	2955	2697	2420	2104	1894	
1596	1324	1060	898	729	612	643	677	
710	818	959	1268	1534	1829	2111	2341	
2637	2880	3157	3302	3304	3399	3482	3497	
3498	3395	3267	2973	2683	2387	2117	1897	
1617	1320	1044	901	725	608	650	669	
690	827	966	1267	1539	1820	2108	2345	
2635	2882	3156	3283	3324	3402	3494	3479	
3497	3390	3261	2943	2682	2408	2125	1888	
1591	1347	1060	890	718	607	646	665	
698	819	954	1269	1547	1816	2093	2340	
2635	2893	3149	3279	3316	3391	3474	3497	
3502	3386	3250	2957	2694	2403	2128	1883	
1610	1320	1035	903	718	604	636	672	
689	822	955	1263	1539	1803	2109	2337	
2628	2878	3149	3284	3325	3403	3487	3498	
3508	3395	3262	2959	2673	2419	2124	1890	

fft_output:
----	----	----	----	----	----	----	----
267786.0	0.0	-31.9	40.3	-35.1	-68.3	-63.6	35.7	
-33309.6	87511.6	-53.3	6.8	26.4	-18.1	6.3	-35.0	
892.6	2123.2	24.1	-41.0	-25.1	-4.1	32.1	30.0	
-1681.0	-965.8	76.4	41.9	10.0	77.8	22.8	-4.8	
1183.5	-907.7	4.8	-9.1	-98.3	-20.7	-54.0	-41.0	
2075.5	979.2	-14.2	77.7	-92.4	-88.2	39.1	-19.4	
-700.1	-486.0	5.9	152.5	-131.2	9.6	18.7	5.3	
189.3	602.0	-141.5	11.6	-63.9	-114.1	-50.2	-57.5	
-393.0	575.0	-248.1	-58.5	15.4	63.2	13.6	14.1	
553.3	-132.9	76.4	37.6	-48.7	-45.0	35.6	93.5	
600.2	342.8	17.5	12.9	-34.1	-5.2	-10.8	36.3	
320.1	-139.0	74.7	-132.9	-10.1	104.8	-61.0	-106.5	
220.5	-281.7	-44.5	-64.1	-38.8	48.4	61.8	-42.2	
-880.7	374.6	33.8	-51.8	-82.7	74.9	57.8	-13.7	
-180.7	-100.0	-108.5	65.0	-78.4	54.2	-44.4	-53.3	
-210.8	-404.7	56.8	-45.7	14.8	-74.8	76.1	9.7	

fft_value:
----	----	----	----	----	----	----	----
2092.1	0.8	1.2	1.1	1463.1	0.8	0.5	0.6	
36.0	0.7	0.4	0.7	30.3	1.4	1.2	0.4	
23.3	0.2	1.6	1.1	35.9	1.2	2.0	0.7	
13.3	2.4	2.1	0.3	9.9	2.2	2.0	1.2	
10.9	4.0	1.0	0.3	8.9	1.3	1.0	1.6	
10.8	0.3	0.5	0.6	5.5	2.4	1.6	1.9	
5.6	1.2	1.0	1.2	15.0	1.0	1.7	0.9	
3.2	2.0	1.5	1.1	7.1	1.1	1.2	1.2	
adc_val: 697550912.000000, p: 0.049000, q:-94.141998.

adc_group[1]:
----	----	----	----	----	----	----	----
0	1602	1396	1261	1093	1006	1060	1081	
1104	1190	1302	1553	1770	1998	2260	2459	
2686	2882	3041	3122	3127	3162	3214	3249	
3258	3199	3122	2937	2761	2534	2295	2091	
1849	1623	1377	1269	1108	1008	1046	1078	
1115	1208	1309	1547	1771	2014	2248	2467	
2690	2893	3043	3112	3109	3142	3206	3236	
3247	3181	3116	2955	2751	2540	2306	2095	
1840	1606	1389	1265	1099	1001	1070	1069	
1091	1197	1316	1535	1758	2013	2261	2464	
2678	2880	3054	3133	3111	3149	3217	3246	
3251	3205	3120	2924	2761	2533	2299	2088	
1862	1612	1379	1262	1105	1012	1064	1075	
1093	1200	1310	1532	1774	2015	2259	2458	
2695	2874	3038	3132	3112	3154	3202	3248	
3265	3179	3123	2944	2759	2540	2277	2097	
1849	1616	1400	1259	1101	1017	1054	1083	
1101	1194	1290	1550	1772	2019	2261	2465	
2687	2864	3056	3132	3101	3146	3221	3237	
3235	3202	3123	2955	2757	2517	2293	2099	
1864	1611	1376	1260	1108	1014	1055	1077	
1098	1201	1309	1543	1773	2006	2252	2464	
2694	2871	3050	3125	3111	3156	3243	3230	
3251	3189	3126	2920	2750	2538	2296	2096	
1848	1637	1390	1251	1105	1013	1054	1074	
1105	1188	1297	1548	1778	2004	2240	2460	
2693	2884	3049	3116	3113	3153	3210	3237	
3256	3189	3112	2939	2760	2536	2301	2089	
1863	1605	1370	1259	1103	1015	1042	1085	
1097	1195	1301	1538	1770	1998	2263	2458	
2688	2870	3040	3125	3119	3162	3229	3242	
3257	3205	3115	2940	2744	2544	2302	2088	

fft_output:
----	----	----	----	----	----	----	----
282587.0	0.0	-34.0	0.3	-32.1	10.7	-65.6	28.3	
-25435.9	68461.4	-18.9	33.2	-15.8	-7.2	2.2	-44.0	
3249.3	3950.5	-37.8	-45.0	20.6	-65.1	55.1	45.1	
-2755.1	304.8	52.1	48.0	2.7	15.8	2.9	44.8	
1094.1	-591.8	38.1	9.3	-65.3	26.5	-117.8	27.8	
1304.0	542.2	-36.5	79.1	-69.8	-127.3	2.2	-19.7	
-587.5	-676.7	12.1	166.1	-93.2	-2.0	58.8	7.9	
247.2	383.2	-158.4	30.0	-89.1	-95.5	-60.3	-44.8	
-277.0	636.0	-200.4	-57.3	-23.0	99.4	-24.4	-14.4	
418.1	-33.9	157.8	13.2	-75.0	-28.7	132.6	82.7	
604.1	354.6	14.0	-18.7	-16.8	29.3	-6.1	48.4	
231.4	-129.0	-4.3	-72.5	75.2	62.8	-69.2	-72.8	
109.9	-321.8	-25.1	-36.3	17.6	120.6	23.7	-65.7	
-618.9	247.7	29.4	-26.0	-158.2	105.6	-13.4	-27.0	
-129.9	-42.2	-127.3	44.4	-63.1	8.1	-26.3	23.2	
-102.8	-293.6	50.6	-63.0	-6.5	-82.1	106.3	21.0	

fft_value:
----	----	----	----	----	----	----	----
2207.7	0.5	0.5	1.1	1141.2	0.6	0.3	0.7	
79.9	0.9	1.1	1.1	43.3	1.1	0.3	0.7	
19.4	0.6	1.1	1.9	22.1	1.4	2.3	0.3	
14.0	2.6	1.5	0.9	7.1	2.5	2.0	1.2	
10.8	3.3	1.6	0.4	6.6	2.5	1.3	2.4	
10.9	0.4	0.5	0.8	4.1	1.1	1.5	1.6	
5.3	0.7	1.9	1.1	10.4	0.6	3.0	0.5	
2.1	2.1	1.0	0.5	4.9	1.3	1.3	1.7	
adc_val: 707849728.000000, p: 0.143200, q:-293.279999.

adc_group[2]:
----	----	----	----	----	----	----	----
1713	1416	1148	1024	856	769	822	858	
872	970	1076	1330	1601	1919	2234	2505	
2788	3017	3201	3286	3257	3286	3370	3380	
3398	3349	3268	3081	2869	2589	2287	2023	
1704	1419	1145	1019	856	765	816	849	
878	962	1077	1336	1614	1913	2224	2507	
2787	3023	3188	3274	3245	3282	3346	3381	
3404	3339	3265	3089	2869	2595	2292	2021	
1714	1415	1144	1023	850	771	824	852	
880	961	1068	1314	1600	1918	2235	2500	
2784	3016	3199	3283	3251	3289	3345	3392	
3397	3336	3273	3074	2860	2594	2287	2014	
1714	1432	1147	1019	862	769	820	850	
873	965	1060	1319	1615	1926	2232	2500	
2781	3011	3192	3292	3249	3277	3345	3392	
3404	3341	3281	3086	2876	2596	2284	2030	
1713	1420	1162	1020	840	769	828	846	
884	970	1060	1330	1611	1926	2238	2492	
2787	3010	3196	3291	3247	3277	3361	3391	
3402	3347	3273	3093	2869	2589	2288	2027	
1716	1408	1141	1020	857	760	809	855	
884	965	1066	1328	1611	1911	2228	2496	
2789	3015	3209	3277	3256	3283	3368	3378	
3409	3338	3274	3077	2862	2594	2290	2019	
1718	1430	1146	1022	862	763	817	847	
883	953	1060	1328	1607	1914	2224	2488	
2783	3012	3209	3280	3251	3280	3348	3391	
3405	3354	3263	3082	2876	2595	2292	2019	
1711	1409	1157	1021	849	756	808	849	
866	959	1063	1331	1598	1902	2232	2498	
2774	3006	3200	3283	3245	3282	3363	3378	
3401	3351	3283	3082	2869	2594	2294	2018	

fft_output:
----	----	----	----	----	----	----	----
278053.0	0.0	-64.6	39.2	41.8	0.6	-1.3	30.8	
-30598.3	82084.7	-86.2	-23.7	5.3	6.4	51.3	-27.8	
3929.1	4764.3	-57.1	-138.7	-15.3	10.2	40.3	24.1	
-5237.5	1773.3	-43.4	63.4	-16.6	30.1	7.0	13.3	
1443.6	-325.7	49.0	44.8	45.9	-8.2	-38.9	53.2	
1327.5	429.3	-80.0	-1.9	-13.2	-30.3	31.0	26.3	
-866.4	-831.5	31.9	56.8	-9.2	-19.8	48.6	36.2	
412.1	614.5	-104.9	27.6	-49.7	-69.8	62.7	-40.9	
-80.0	681.0	-80.1	-19.2	-73.6	36.2	101.3	-44.7	
309.7	-44.6	75.5	23.8	-4.0	80.4	45.4	-31.3	
592.4	247.5	-70.9	-66.1	-13.2	65.8	50.5	-24.4	
285.7	-95.2	-31.6	-105.7	72.1	59.4	-38.0	-20.0	
186.4	-399.7	52.9	50.1	32.2	-26.1	62.2	-61.3	
-602.8	249.9	39.5	12.7	-28.7	23.4	41.5	-22.4	
-195.1	-124.6	-62.6	25.3	-64.5	-23.9	-67.1	3.7	
-168.4	-301.4	-5.0	-71.1	42.8	-48.6	73.0	-61.4	

fft_value:
----	----	----	----	----	----	----	----
2172.3	1.2	0.7	0.5	1368.8	1.4	0.1	0.9	
96.5	2.3	0.3	0.7	86.4	1.2	0.5	0.2	
23.1	1.0	0.7	1.0	21.8	1.3	0.5	0.6	
18.8	1.0	0.3	0.9	11.6	1.7	1.3	1.2	
10.7	1.3	1.3	1.7	4.9	1.2	1.3	0.9	
10.0	1.5	1.0	0.9	4.7	1.7	1.5	0.7	
6.9	1.1	0.6	1.4	10.2	0.6	0.6	0.7	
3.6	1.1	1.1	1.1	5.4	1.1	1.0	1.5	
adc_val: 725122240.000000, p: 0.128900, q:-263.890015.

site	i0	v0	v1
----	----	----	----	
0	34179896.00	101363784.00	93468000.00

'data.csv' real size: 1307Byte, count size: 1307Byte.
@note: lseek success, cur offset: 1307 .
[D/test] @note:str size: 86,timestamps: 808464432,[17]write done.

msh />start_adc_conv
msh />
adc_group[0]:
----	----	----	----	----	----	----	----
476	477	520	531	578	727	922	1276	
1606	1963	2256	2477	2818	3120	3377	3464	
3481	3579	3614	3635	3589	3484	3297	2949	
2620	2262	1951	1750	1405	1081	821	696	
457	480	508	504	591	747	923	1279	
1624	1966	2271	2492	2820	3131	3379	3453	
3462	3567	3612	3635	3587	3469	3289	2954	
2611	2263	1962	1734	1403	1058	798	680	
486	500	515	522	585	733	939	1317	
1618	1961	2274	2481	2845	3160	3371	3450	
3480	3582	3610	3636	3604	3471	3287	2937	
2601	2250	1928	1743	1394	1056	821	671	
480	482	506	516	599	723	949	1315	
1645	1966	2280	2505	2841	3155	3390	3449	
3474	3588	3624	3639	3604	3468	3268	2944	
2595	2239	1926	1727	1378	1041	813	673	
483	496	505	519	590	737	953	1321	
1632	1991	2290	2509	2837	3161	3386	3454	
3481	3575	3626	3634	3586	3460	3255	2912	
2599	2243	1935	1716	1369	1037	798	687	
449	481	512	518	605	733	987	1328	
1659	1981	2311	2518	2853	3168	3383	3463	
3480	3571	3624	3642	3586	3472	3256	2905	
2597	2238	1914	1705	1363	1035	801	666	
454	483	517	510	606	750	977	1323	
1654	2001	2311	2529	2857	3168	3390	3465	
3470	3575	3617	3628	3583	3462	3247	2909	
2567	2216	1921	1697	1368	1033	785	653	
462	493	509	528	603	749	1000	1333	
1683	1993	2299	2539	2873	3189	3406	3451	
3473	3596	3640	3625	3593	3471	3224	2884	
2568	2237	1908	1670	1357	1013	789	663	

fft_output:
----	----	----	----	----	----	----	----
267211.0	0.0	-102.2	-11.8	-169.4	101.7	-343.6	56.2	
-99061.0	32500.6	333.1	-99.7	162.3	-71.9	58.8	8.7	
-2542.8	586.6	40.8	-116.2	175.2	-121.4	39.5	-16.9	
3128.6	-586.2	12.9	-96.9	70.8	-28.8	-86.4	-27.8	
-1236.4	579.6	50.9	54.8	67.4	-46.5	88.7	-86.5	
-235.3	-3192.7	-24.7	44.1	25.4	3.3	95.7	-18.9	
-966.4	29.7	-88.1	-17.7	24.4	-50.9	-132.2	37.4	
1054.4	616.8	-29.2	-66.7	80.0	-70.7	35.0	52.2	
-639.0	268.0	30.1	-129.6	-22.2	-82.6	44.5	-16.1	
-159.2	929.0	-15.1	7.0	12.5	41.5	132.1	84.8	
-639.2	-18.2	-52.8	44.2	55.3	-82.0	-100.3	-25.5	
-868.3	-212.6	-22.5	-84.6	22.1	-20.5	100.4	14.4	
-523.6	25.6	-37.7	56.5	31.2	44.3	86.5	155.2	
459.5	410.4	39.5	-117.2	113.2	-56.2	-22.4	71.1	
-383.6	54.6	-72.0	-110.7	102.4	-145.0	10.9	45.2	
-454.6	125.5	3.4	-12.1	-110.5	-67.3	22.5	1.9	

fft_value:
----	----	----	----	----	----	----	----
2087.6	1.6	3.1	5.4	1629.0	5.4	2.8	0.9	
40.8	1.9	3.3	0.7	49.7	1.5	1.2	1.4	
21.3	1.2	1.3	1.9	50.0	0.8	0.4	1.5	
15.1	1.4	0.9	2.1	19.1	1.1	1.7	1.0	
10.8	2.1	1.3	0.7	14.7	0.3	0.7	2.5	
10.0	1.1	1.5	1.6	14.0	1.4	0.5	1.6	
8.2	1.1	0.8	2.8	9.6	1.9	2.0	1.2	
6.1	2.1	2.8	0.7	7.4	0.2	2.0	0.4	
adc_val: 728220800.000000, p: 0.049000, q:-94.141998.

adc_group[1]:
----	----	----	----	----	----	----	----
0	934	972	985	1025	1129	1274	1549	
1834	2136	2381	2567	2814	3011	3177	3220	
3188	3260	3295	3308	3291	3240	3144	2931	
2699	2409	2153	1983	1683	1427	1205	1100	
899	928	967	963	1029	1140	1263	1558	
1844	2138	2389	2573	2820	3023	3169	3205	
3164	3246	3296	3315	3303	3231	3144	2934	
2692	2415	2164	1971	1692	1399	1185	1098	
930	951	968	981	1024	1130	1283	1585	
1833	2134	2391	2563	2844	3046	3168	3204	
3184	3266	3290	3315	3312	3229	3140	2921	
2683	2399	2137	1981	1681	1404	1209	1086	
911	940	962	974	1034	1126	1291	1581	
1862	2141	2394	2585	2837	3043	3174	3197	
3172	3270	3304	3311	3310	3229	3129	2930	
2678	2396	2136	1965	1665	1389	1197	1089	
919	946	961	983	1030	1134	1289	1588	
1854	2160	2411	2589	2832	3047	3186	3210	
3185	3255	3308	3312	3297	3222	3121	2916	
2681	2395	2149	1953	1655	1386	1190	1095	
896	930	967	976	1043	1129	1307	1593	
1877	2152	2427	2593	2845	3037	3177	3217	
3181	3253	3307	3311	3289	3230	3124	2911	
2686	2393	2124	1948	1653	1383	1192	1081	
894	937	975	962	1043	1150	1308	1592	
1870	2170	2425	2601	2851	3048	3189	3205	
3174	3257	3299	3306	3298	3234	3120	2910	
2657	2375	2126	1941	1659	1385	1179	1078	
906	948	963	983	1039	1149	1327	1603	
1893	2166	2410	2611	2864	3057	3195	3195	
3166	3268	3314	3304	3297	3237	3101	2894	
2664	2391	2119	1912	1649	1363	1181	1074	

fft_output:
----	----	----	----	----	----	----	----
280985.0	0.0	-93.1	10.0	-109.6	23.4	-241.4	94.7	
-75545.2	25520.1	257.2	-83.9	118.4	-14.4	59.5	34.0	
-4998.4	2733.0	57.6	-112.3	157.9	-157.0	1.2	-47.1	
3272.9	-2275.3	35.0	-58.8	54.6	-45.6	-38.4	-64.4	
-1044.6	-25.8	71.7	119.7	93.7	11.8	56.2	3.2	
-443.0	-1946.4	-24.1	-5.0	8.7	-19.2	130.3	-28.4	
-1051.4	-60.0	-90.6	-42.9	57.0	-45.8	-87.5	-27.2	
971.3	512.2	-22.2	-42.0	52.4	-52.1	89.9	72.0	
-530.0	399.0	-18.0	-99.4	-0.1	-48.1	-11.9	-59.1	
-240.3	623.1	31.7	41.7	59.9	95.4	79.7	66.7	
-672.0	-2.4	-21.8	42.0	43.7	-85.4	-53.5	-68.5	
-543.3	-219.2	-19.1	-77.2	27.2	-22.0	110.4	-8.7	
-593.4	92.2	-76.9	35.9	21.5	10.8	87.3	128.0	
428.0	291.3	50.8	-55.6	108.4	-36.6	-22.6	-1.7	
-382.2	98.7	-14.8	-64.5	76.1	-108.8	32.4	42.0	
-428.3	54.3	-6.6	-6.1	-97.8	-48.6	43.6	-54.2	

fft_value:
----	----	----	----	----	----	----	----
2195.2	1.5	1.8	4.1	1245.9	4.2	1.9	1.1	
89.0	2.0	3.5	0.7	62.3	1.1	1.1	1.2	
16.3	2.2	1.5	0.9	31.2	0.4	0.3	2.1	
16.5	1.6	1.1	1.4	17.2	0.7	1.2	1.8	
10.4	1.6	0.8	0.9	10.4	0.8	1.8	1.6	
10.5	0.7	1.5	1.4	9.2	1.2	0.5	1.7	
9.4	1.3	0.4	2.4	8.1	1.2	1.8	0.4	
6.2	1.0	2.1	0.8	6.7	0.1	1.7	1.1	
adc_val: 717088192.000000, p: 0.143200, q:-293.279999.

adc_group[2]:
----	----	----	----	----	----	----	----
675	711	751	765	815	891	1026	1341	
1683	2073	2391	2621	2942	3177	3323	3366	
3311	3375	3439	3455	3441	3398	3293	3077	
2805	2427	2114	1874	1515	1189	973	879	
667	714	746	749	815	912	1029	1343	
1701	2084	2403	2632	2952	3179	3323	3357	
3299	3394	3429	3451	3438	3387	3290	3067	
2788	2435	2116	1875	1502	1167	949	863	
686	716	756	756	806	900	1045	1363	
1687	2076	2396	2633	2971	3191	3330	3352	
3299	3396	3427	3458	3449	3387	3287	3064	
2791	2425	2094	1863	1493	1171	965	853	
665	708	747	754	819	898	1053	1374	
1713	2094	2418	2649	2961	3197	3329	3340	
3298	3385	3448	3459	3449	3381	3276	3066	
2785	2416	2086	1856	1481	1163	955	852	
670	718	738	766	815	905	1061	1377	
1712	2095	2431	2651	2974	3200	3324	3356	
3308	3401	3443	3450	3443	3376	3265	3053	
2775	2423	2086	1838	1468	1157	959	849	
661	710	756	758	821	899	1063	1390	
1736	2105	2439	2666	2969	3201	3337	3351	
3308	3380	3444	3456	3430	3371	3268	3043	
2768	2411	2065	1835	1464	1146	954	851	
660	718	751	756	818	914	1072	1386	
1735	2114	2442	2672	2985	3200	3325	3346	
3306	3391	3441	3456	3443	3385	3260	3047	
2741	2399	2064	1830	1475	1145	951	829	
666	717	752	767	818	921	1095	1405	
1751	2114	2448	2681	2990	3219	3335	3333	
3282	3408	3442	3438	3437	3377	3256	3032	
2744	2398	2056	1808	1458	1125	949	836	

fft_output:
----	----	----	----	----	----	----	----
276304.0	0.0	-171.7	8.5	-193.6	21.6	-312.0	70.6	
-89208.5	29972.9	319.9	-95.3	188.1	-1.9	126.0	-22.3	
-5754.9	3123.4	110.1	-25.2	151.1	-149.7	76.8	-86.6	
5177.7	-5139.3	15.4	-51.0	-31.0	-5.6	-36.3	-49.6	
-1232.4	-465.6	96.7	124.9	48.1	27.7	63.4	-31.1	
-566.1	-1645.2	7.5	-31.5	81.8	27.2	39.0	8.7	
-1283.5	121.6	-23.3	-10.6	54.1	-105.7	-20.9	53.2	
1328.6	624.9	-17.5	-64.7	85.0	46.2	-3.2	42.4	
-570.0	380.0	-6.6	-33.6	-27.0	-32.7	-15.5	-53.5	
-447.2	713.7	25.8	5.2	25.8	67.5	-13.1	49.8	
-850.9	76.7	-17.6	65.8	46.1	22.6	-32.5	49.8	
-587.9	-370.4	-29.6	3.2	34.8	-103.1	52.3	-42.5	
-669.6	140.4	-18.4	-15.8	16.2	63.2	-12.2	74.4	
461.9	375.7	88.5	41.9	80.2	-99.6	61.7	-11.9	
-398.7	82.5	41.9	-6.6	-30.8	8.7	74.0	5.7	
-406.6	133.8	13.5	-4.3	-48.9	-59.1	29.9	-18.0	

fft_value:
----	----	----	----	----	----	----	----
2158.6	2.7	3.0	5.0	1470.5	5.2	2.9	2.0	
102.3	1.8	3.3	1.8	114.0	0.8	0.5	1.0	
20.6	2.5	0.9	1.1	27.2	0.5	1.3	0.6	
20.1	0.4	1.9	0.9	22.9	1.0	1.5	0.7	
10.7	0.5	0.7	0.9	13.2	0.4	1.1	0.8	
13.3	1.1	0.8	0.9	10.9	0.5	1.7	1.1	
10.7	0.4	1.0	1.2	9.3	1.5	2.0	1.0	
6.4	0.7	0.5	1.2	6.7	0.2	1.2	0.5	
adc_val: 736522176.000000, p: 0.128900, q:-263.890015.

site	i0	v0	v1
----	----	----	----	
0	35682724.00	102686728.00	94937448.00

'data.csv' real size: 1379Byte, count size: 1379Byte.
@note: lseek success, cur offset: 1379 .
[D/test] @note:str size: 86,timestamps: 808464432,[18]write done.

msh />start_adc_conv
msh />
adc_group[0]:
----	----	----	----	----	----	----	----
2784	3149	3437	3559	3586	3678	3721	3750	
3744	3618	3463	3034	2578	2239	1970	1778	
1423	1031	735	620	404	327	376	393	
425	584	733	1208	1671	2010	2254	2456	
2814	3177	3456	3587	3572	3670	3721	3735	
3725	3613	3461	2992	2575	2212	1958	1766	
1409	1002	724	609	376	342	367	389	
469	563	749	1237	1676	2035	2264	2456	
2814	3197	3463	3581	3559	3690	3745	3741	
3724	3615	3462	3011	2564	2200	1942	1753	
1409	1026	717	594	359	337	384	390	
453	585	750	1243	1684	2023	2268	2488	
2838	3197	3479	3571	3577	3682	3745	3751	
3735	3601	3456	2983	2533	2198	1939	1741	
1385	1006	704	604	370	347	374	405	
446	596	753	1262	1690	2056	2296	2494	
2825	3229	3483	3571	3572	3669	3737	3764	
3713	3604	3444	2965	2536	2190	1925	1719	
1377	983	716	571	355	345	369	391	
466	594	766	1300	1703	2068	2297	2484	
2849	3236	3500	3585	3559	3687	3750	3743	
3719	3592	3441	2941	2518	2171	1896	1726	
1356	973	704	565	347	343	383	385	
466	597	764	1299	1725	2069	2326	2525	
2853	3235	3493	3576	3567	3693	3741	3751	
3703	3586	3431	2939	2501	2176	1907	1714	
1349	950	689	583	353	354	372	403	
481	604	788	1318	1745	2072	2343	2521	
2861	3273	3505	3564	3561	3690	3736	3743	
3719	3580	3430	2906	2489	2158	1896	1698	
1325	928	688	571	334	363	387	383	
474	638	788	1333	1747	2084	2336	2512	

fft_output:
----	----	----	----	----	----	----	----
267056.0	0.0	83.8	-127.9	148.5	-174.1	292.1	-482.3	
50265.4	-100393.7	-191.8	530.3	-121.0	326.5	18.3	228.3	
952.9	2845.3	-69.2	104.2	90.8	144.7	-22.6	112.6	
1887.4	3757.3	-90.5	18.0	-33.2	128.3	-71.7	81.8	
1213.9	-722.4	-27.2	1.6	-168.3	98.1	-228.6	97.6	
-5381.0	-2873.4	28.8	132.3	13.5	112.3	-3.4	77.4	
-415.8	-1120.2	170.6	-9.0	-119.0	15.9	-44.4	50.0	
-68.6	-3087.9	33.0	58.6	-39.9	81.3	-87.8	112.4	
-752.0	440.0	61.0	-18.4	-52.0	15.1	-12.9	85.7	
-205.5	33.9	-52.4	1.0	-32.9	-4.1	-61.3	212.6	
208.3	722.3	-89.5	112.3	-64.0	2.8	-189.2	-23.8	
-1074.1	-456.0	223.1	42.6	-74.5	-55.7	95.0	-82.1	
634.1	-270.4	-11.0	7.4	-148.5	-57.8	3.5	-104.1	
930.5	-287.2	78.4	14.2	-7.4	51.1	-58.1	-44.5	
-221.4	-332.3	-118.7	3.7	-8.3	-94.2	-20.9	30.3	
37.9	746.2	-15.4	-165.0	-151.9	30.9	27.3	2.4	

fft_value:
----	----	----	----	----	----	----	----
2086.4	2.4	3.6	8.8	1754.3	8.8	5.4	3.6	
46.9	2.0	2.7	1.8	65.7	1.4	2.1	1.7	
22.1	0.4	3.0	3.9	95.3	2.1	1.8	1.2	
18.7	2.7	1.9	1.0	48.3	1.1	1.4	2.2	
13.6	1.0	0.8	1.4	3.3	0.8	0.5	3.5	
11.7	2.2	1.0	3.0	18.2	3.5	1.5	2.0	
10.8	0.2	2.5	1.6	15.2	1.2	0.8	1.1	
6.2	1.9	1.5	0.6	11.7	2.6	2.4	0.4	
adc_val: 755444160.000000, p: 0.049000, q:-94.141998.

adc_group[1]:
----	----	----	----	----	----	----	----
0	3026	3187	3252	3238	3303	3339	3375	
3379	3307	3213	2986	2668	2395	2166	1999	
1709	1385	1151	1066	884	817	866	889	
909	1032	1144	1502	1887	2176	2381	2545	
2816	3053	3211	3287	3227	3298	3349	3361	
3367	3295	3213	2952	2669	2372	2154	1994	
1697	1362	1141	1052	854	832	861	881	
949	1014	1156	1527	1888	2192	2384	2543	
2814	3075	3218	3288	3219	3316	3366	3357	
3369	3311	3225	2973	2656	2362	2141	1982	
1696	1384	1131	1044	833	826	873	884	
933	1022	1152	1524	1897	2182	2382	2571	
2828	3057	3231	3275	3220	3302	3369	3375	
3375	3303	3225	2943	2632	2358	2146	1977	
1676	1370	1127	1045	846	830	865	890	
931	1035	1159	1541	1903	2215	2407	2576	
2821	3086	3231	3274	3224	3301	3361	3378	
3354	3303	3218	2934	2637	2352	2133	1955	
1678	1356	1133	1031	824	835	871	882	
948	1031	1165	1575	1912	2228	2417	2564	
2837	3078	3242	3289	3215	3315	3368	3366	
3364	3298	3215	2922	2619	2337	2105	1962	
1660	1349	1135	1018	829	843	865	883	
942	1045	1153	1577	1931	2225	2429	2603	
2840	3082	3225	3270	3219	3305	3367	3378	
3349	3293	3208	2927	2601	2342	2120	1956	
1644	1326	1122	1030	824	845	868	896	
954	1042	1186	1587	1944	2229	2447	2594	
2844	3111	3242	3262	3217	3310	3365	3363	
3363	3286	3208	2904	2596	2323	2109	1936	
1632	1306	1113	1016	808	852	879	875	
955	1070	1173	1610	1949	2242	2440	2582	

fft_output:
----	----	----	----	----	----	----	----
280069.0	0.0	99.4	-19.1	172.1	-110.7	274.1	-362.8	
37421.5	-75819.0	-153.2	390.6	-36.4	240.7	30.7	146.2	
3444.1	5412.3	-43.3	35.6	121.3	87.7	46.4	100.4	
3256.1	2148.0	-71.8	-4.1	-50.5	41.0	-63.4	68.9	
990.2	-91.1	-35.4	-59.1	-114.6	60.0	-126.7	124.8	
-3698.2	-1584.9	-38.7	44.7	59.4	101.8	10.9	37.6	
-311.9	-1282.7	121.2	-3.8	-81.4	-4.1	-18.3	44.3	
-257.3	-2386.5	4.5	40.6	0.0	5.8	-36.3	76.8	
-435.0	528.0	111.3	-19.9	16.4	-42.3	-15.4	53.2	
-58.7	-118.2	-18.2	16.1	-56.0	20.5	-90.7	172.9	
262.2	852.6	-103.9	75.7	-74.3	-44.7	-171.0	-8.9	
-587.1	-272.2	188.1	9.5	-48.5	-8.8	58.9	-115.6	
667.8	-367.1	1.5	49.1	-188.1	-94.5	-22.5	-154.1	
594.3	-165.8	20.2	-32.2	12.8	16.2	-21.0	-49.9	
-218.4	-360.3	-61.2	61.5	-49.6	-8.9	-6.2	61.0	
49.5	486.7	-25.9	-78.8	-162.6	33.3	-68.1	23.8	

fft_value:
----	----	----	----	----	----	----	----
2188.0	1.6	3.2	7.1	1321.1	6.6	3.8	2.3	
100.2	0.9	2.3	1.7	61.0	1.1	1.0	1.5	
15.5	1.1	2.0	2.8	62.9	0.9	1.8	0.6	
20.6	1.9	1.3	0.7	37.5	0.6	0.1	1.3	
10.7	1.8	0.7	0.9	2.1	0.4	0.9	3.1	
13.9	2.0	1.4	2.7	10.1	2.9	0.8	2.0	
11.9	0.8	3.3	2.4	9.6	0.6	0.3	0.8	
6.6	1.4	0.8	1.0	7.6	1.3	2.6	1.1	
adc_val: 725837376.000000, p: 0.143200, q:-293.279999.

adc_group[2]:
----	----	----	----	----	----	----	----
2913	3193	3353	3407	3364	3430	3475	3518	
3506	3447	3374	3130	2767	2406	2127	1895	
1533	1148	914	836	640	597	666	677	
708	809	916	1284	1741	2132	2396	2611	
2940	3202	3366	3419	3347	3423	3478	3494	
3508	3444	3386	3107	2753	2394	2113	1893	
1528	1138	905	823	630	610	656	691	
733	796	927	1292	1745	2139	2396	2617	
2941	3213	3364	3424	3361	3435	3489	3493	
3504	3447	3372	3112	2745	2364	2100	1870	
1524	1139	910	819	611	614	662	677	
732	796	912	1318	1769	2153	2412	2636	
2950	3215	3369	3411	3336	3438	3497	3503	
3512	3453	3368	3089	2725	2365	2090	1862	
1501	1128	885	805	621	625	646	685	
729	818	930	1326	1783	2166	2432	2640	
2953	3222	3369	3434	3357	3423	3493	3507	
3493	3447	3364	3081	2719	2362	2074	1851	
1494	1113	900	810	597	618	660	681	
734	814	932	1360	1792	2174	2437	2644	
2961	3232	3371	3425	3348	3435	3508	3514	
3501	3440	3360	3075	2704	2334	2064	1853	
1473	1100	893	796	592	623	663	681	
739	828	940	1357	1809	2187	2457	2666	
2984	3233	3361	3417	3351	3441	3507	3516	
3488	3439	3362	3057	2681	2333	2062	1838	
1460	1085	872	791	597	622	662	696	
737	830	943	1380	1829	2200	2475	2660	
2987	3259	3384	3410	3352	3428	3489	3501	
3497	3433	3354	3042	2681	2323	2045	1829	
1440	1072	881	792	581	635	675	674	
739	836	938	1404	1839	2206	2473	2669	

fft_output:
----	----	----	----	----	----	----	----
275659.0	0.0	123.5	-27.9	168.8	-132.8	229.5	-342.0	
43906.7	-88056.5	-127.2	445.7	6.4	327.7	17.6	216.5	
3693.3	6181.2	-21.3	2.6	32.5	-17.0	11.6	118.2	
6644.0	1588.4	-80.3	-8.7	-55.9	-40.5	-49.2	67.9	
1020.5	467.6	-30.6	0.5	-184.6	48.6	-107.9	72.5	
-3796.4	-1201.7	-25.6	98.0	0.5	122.4	4.0	3.4	
-492.1	-1256.3	61.9	2.6	-125.3	123.3	21.4	-15.3	
-472.0	-2968.3	-2.0	41.4	-26.4	36.3	16.2	133.5	
-313.0	684.0	-79.0	-25.4	63.8	-19.9	6.2	-115.1	
238.7	-453.7	35.1	0.3	10.1	27.6	-80.8	58.5	
315.8	976.5	-117.5	83.2	0.6	-54.4	-178.0	40.0	
-495.2	-362.4	100.9	-19.6	-44.7	45.7	1.3	-17.2	
723.5	-422.4	10.4	-20.5	-123.8	-53.0	-40.2	11.8	
419.0	-239.0	21.8	32.9	-13.6	-1.6	-15.1	3.6	
-105.0	-478.1	-48.8	23.1	32.1	-29.8	-26.7	-2.1	
59.3	399.5	-53.1	10.0	-12.4	51.6	38.2	52.2	

fft_value:
----	----	----	----	----	----	----	----
2153.6	2.0	3.4	6.4	1537.4	7.2	5.1	3.4	
112.5	0.3	0.6	1.9	106.7	1.3	1.1	1.3	
17.5	0.5	3.0	2.0	62.2	1.6	1.9	0.1	
21.1	1.0	2.7	0.4	47.0	0.6	0.7	2.1	
11.8	1.3	1.0	1.8	8.0	0.5	0.5	1.6	
16.0	2.3	0.8	2.9	9.6	1.6	1.0	0.3	
13.1	0.4	2.1	0.7	7.5	0.6	0.2	0.2	
7.6	0.8	0.7	0.4	6.3	0.8	0.8	1.0	
adc_val: 746982080.000000, p: 0.128900, q:-263.890015.

site	i0	v0	v1
----	----	----	----	
0	37016668.00	103939616.00	96285728.00

'data.csv' real size: 1451Byte, count size: 1451Byte.
@note: lseek success, cur offset: 1451 .
[D/test] @note:str size: 86,timestamps: 808464432,[19]write done.